Date,Close,High,Low,Open,Volume
2020-01-02,49.704444885253906,50.215010719372756,49.288430283431545,50.063732354459106,3492000
2020-01-03,50.07319259643555,50.31902222762922,49.54372004942375,49.59099386872677,4330400
2020-01-06,50.4986686706543,51.151056091229655,50.30956976987894,50.451394847150844,4305500
2020-01-07,50.3095703125,51.06596231699805,50.21502266447334,51.01868849298472,4440400
2020-01-08,50.58376693725586,51.76563065074315,50.57431361452316,50.820139679953314,5279600
2020-01-09,50.36630630493164,51.028150730254076,49.97865513687681,50.68777339113043,5505200
2020-01-10,50.839046478271484,51.21724067683652,50.06374422343735,50.18665905118273,3681100
2020-01-13,50.64993667602539,51.09431846064145,50.47974806092821,50.70666741664472,2383600
2020-01-14,51.330692291259766,51.519791157484434,50.63102756825677,50.649937815555326,2578700
2020-01-15,51.94526672363281,52.16272918934848,51.3117895765604,51.34961007670958,3846500
2020-01-16,52.36128616333008,52.436923558530516,51.60489417751825,52.030362189888876,3461800
2020-01-17,52.67329788208008,53.00422186558949,52.28564675213482,52.67329788208008,4468700
2020-01-21,53.86460876464844,53.89297233276533,52.61656127285159,52.67328840908539,3288800
2020-01-22,54.29007339477539,54.55481323914011,53.66604968702259,53.864605471986316,2415400
2020-01-23,55.774505615234375,56.001421394512,54.290081694804,54.31844887228467,4510100
2020-01-24,55.3206672668457,56.597082060412966,54.86683209805334,55.85960036197053,6602500
2020-01-27,56.41743850708008,57.627669273823265,55.802871605359975,55.92578642840857,7759600
2020-01-28,58.034217834472656,58.402958615513896,56.94690213063665,56.99417594237721,6038200
2020-01-29,57.41965866088867,58.33678593592978,56.35125299471555,58.128776795587754,3610100
2020-01-30,57.013092041015625,57.77894085416796,56.72944553469436,57.107643280963394,2413000
2020-01-31,55.973045349121094,57.24000292246602,55.746126013655534,56.97526309662945,3755700
2020-02-03,55.53812789916992,56.33234026853815,55.40575616530776,56.16215164604775,2832900
2020-02-04,54.526458740234375,55.698869048982225,54.403547519497494,55.594864472388274,3994100
2020-02-05,56.4268913269043,56.43634464794519,54.13880171156209,54.356267769875586,3933900
2020-02-06,57.29673767089844,57.54256728424129,56.52143554899123,56.54980272392214,3605000
2020-02-07,57.557518005371094,58.19282988655612,57.47217722550365,57.75664528599258,2423900
2020-02-10,58.33504867553711,58.4203894304616,57.69973336283113,57.77559341930027,4470200
2020-02-11,58.65745162963867,58.90398959954889,58.09799632620448,58.610040898949045,2453100
2020-02-12,58.410911560058594,58.57211238923966,57.917835607427854,58.079032819401945,2463900
2020-02-13,58.477294921875,58.83762304236442,58.297132670234014,58.401438464365754,5426400
2020-02-14,58.610042572021484,58.87554556522794,58.21178446500481,58.837615532710736,2252000
2020-02-18,58.62900161743164,59.30224334861683,58.44883578992672,58.74278808618811,2548100
2020-02-19,58.676414489746094,59.21690475760693,58.59107373075719,58.91347175169231,3295900
2020-02-20,58.83761215209961,59.04622370175113,58.00316957070031,58.66693063278596,3685100
2020-02-21,58.676414489746094,59.28328050157534,58.45832224282039,58.91347175169231,3450500
2020-02-24,57.30148696899414,58.34453757154998,57.30148696899414,57.92731805396906,2415300
2020-02-25,55.082618713378906,57.49112106480114,54.87400719117824,57.38681530370081,4366800
2020-02-26,53.64132308959961,54.97832605547092,53.3473707489132,54.10595696781913,5325100
2020-02-27,52.96807098388672,54.59902597413231,52.31379067783372,52.84480020464092,7207300
2020-02-28,50.512176513671875,51.91555547885263,49.35533558111149,51.7638389317306,8170400
2020-03-02,51.99140548706055,52.25690848877777,50.40786094217271,51.03369202993981,8169200
2020-03-03,52.71205520629883,54.276634650153305,51.71641538621276,52.24742136108164,6180700
2020-03-04,55.528297424316406,55.55674313982357,53.40426264774615,53.74562570265985,6693600
2020-03-05,53.77407455444336,55.37658414267317,53.5085715483397,54.42835498692333,4097600
2020-03-06,51.96295166015625,52.27586898558681,50.40785658363379,51.877610900239446,6155100
2020-03-09,46.57700729370117,48.89068836009583,45.97014131471456,48.59673606899632,5103900
2020-03-10,48.350196838378906,48.511394027241536,45.268452681639815,47.80022229876329,7057400
2020-03-11,43.25821304321289,46.757180940574315,43.11598084027097,46.37788783164821,6110400
2020-03-12,37.18954849243164,39.73080290872305,34.35434173687715,39.12393321309535,8171300
2020-03-13,37.26539993286133,39.78768899289991,34.458642888964064,39.436845266714414,7475100
2020-03-16,29.72698211669922,33.102677146102806,29.584748115955897,32.315648888082855,8400400
2020-03-17,29.613195419311523,31.613959470707123,26.46507498396156,30.589870269777645,9478700
2020-03-18,27.29003143310547,28.494280895716045,24.189322150633206,27.413300408051814,11532900
2020-03-19,28.456356048583984,30.29592104393699,26.171124018862425,26.89177836558426,7254800
2020-03-20,29.755435943603516,30.817453601980578,28.067588873063098,29.31925131459768,9398900
2020-03-23,28.029647827148438,30.23902125335602,26.692645125073643,29.252864065720782,9377000
2020-03-24,31.187259674072266,32.913036631887586,29.8787040956135,30.665734306329405,7444600
2020-03-25,35.1129264831543,36.06115569300201,30.864860057101446,32.562191210858614,6941800
2020-03-26,37.23695755004883,37.436084794838855,35.20774783523929,35.57755660905133,6089700
2020-03-27,34.9706916809082,36.004261587749916,33.29232566976852,35.46377126756001,4874600
2020-03-30,34.9327507019043,35.387900112233275,33.377655978978794,34.84740996139224,4434700
2020-03-31,32.239784240722656,34.91378958542961,31.813080490565934,34.60087591345227,6891500
2020-04-01,30.988126754760742,31.86049577578887,30.030415162880164,30.921751008256727,8213700
2020-04-02,30.91227149963379,32.05963161881223,29.992489796187535,31.29156463911207,6868500
2020-04-03,30.4760799407959,31.196736017298356,29.584745969549836,30.514009969497423,6684800
2020-04-06,34.94224166870117,35.54911134471204,32.23979012021318,32.42943666789113,6190700
2020-04-07,34.648292541503906,38.05243519050016,34.58191679319201,38.05243519050016,6108700
2020-04-08,37.597286224365234,38.204152285147764,34.885350350187146,35.331015578895354,5381100
2020-04-09,38.91531753540039,40.223870900817644,38.23259152408256,38.8394574820511,7529300
2020-04-13,36.630096435546875,38.78257723745009,36.06115672306248,38.71620148024137,7545600
2020-04-14,38.08088302612305,38.70671412876383,37.293854702096354,37.80589570083358,4058200
2020-04-15,35.7672004699707,36.9335217526167,35.634448983407104,36.2223499741345,5616600
2020-04-16,36.696475982666016,37.20852069162229,35.4922242933242,36.042195426597054,4100100
2020-04-17,37.81537628173828,39.323060646024935,37.0662744491541,38.327417229883174,3940200
2020-04-20,36.30768966674805,37.208507949831244,35.91891591727508,36.705944114751595,3070800
2020-04-21,36.05167007446289,36.544749630384814,35.093956677527665,35.55859051854096,3637400
2020-04-22,36.87663650512695,37.3886811897982,36.042193717204285,36.65854420251683,5084600
2020-04-23,37.1516227722168,38.35587436894651,36.35511004749823,37.35075004909455,4235200
2020-04-24,38.820499420166016,39.10497105395875,37.502461503460395,37.55935655366036,3956000
2020-04-27,39.929927825927734,40.25232586337401,38.953253014196484,39.398918229778886,5021000
2020-04-28,44.50038528442383,45.505509282010216,42.509105919680586,43.9219650413414,7223000
2020-04-29,46.03652572631836,46.586500384119766,44.66159269902209,44.66159269902209,5850100
2020-04-30,44.77537536621094,45.277935588006244,44.14954435931629,44.8227860936471,6627900
2020-05-01,44.13058090209961,44.20643734523283,43.078046076726274,43.466819842951786,4422600
2020-05-04,43.7418098449707,44.12109931854118,43.02115369593491,43.447857518757814,4311100
2020-05-05,44.965023040771484,45.93221717522796,44.20644046978808,44.45298206611207,4204400
2020-05-06,44.81329345703125,45.54343009903975,44.49089550623796,45.13569140782454,4234600
2020-05-07,44.71847915649414,46.04600119331856,44.396081154248584,45.51499165514748,3991800
2020-05-08,47.197811126708984,47.41671564214148,44.99924270195494,45.72258283446811,3074700
2020-05-11,46.18894577026367,46.817107689227186,45.73210106835192,46.10328716173778,2875800
2020-05-12,44.80891036987305,46.541115128301534,44.76131941453544,46.36979785499057,2805700
2020-05-13,43.48595428466797,44.57096476220325,42.31528881144591,44.57096476220325,5495300
2020-05-14,43.93327713012695,43.98086444263426,41.70615677640046,42.45804865832521,3366300
2020-05-15,44.93262481689453,45.237187971054524,42.90537700276943,43.36222173400942,2893700
2020-05-18,49.4058952331543,49.9864698109963,47.178775165264604,47.30250506644702,4813500
2020-05-19,49.4725341796875,50.947762939004036,48.45415024470048,48.75871346092015,5662900
2020-05-20,49.87227249145508,50.91920802664697,48.84436897921894,50.776442439720945,3832900
2020-05-21,50.44332504272461,51.24280430183648,49.52963549821947,49.672397447291175,4043300
2020-05-22,51.45219039916992,51.68061095907329,50.24345374175331,50.79547312041923,2587100
2020-05-26,53.19390869140625,54.29795103599632,52.51815941813974,53.812554642282414,4557100
2020-05-27,55.992095947265625,55.992095947265625,54.079054489452574,54.93564075872405,7516000
2020-05-28,53.21295166015625,56.95337227962434,52.96549542418367,56.86771365358005,4856100
2020-05-29,52.63236618041992,54.592994536786314,52.36587434524197,52.917893665350434,6633900
2020-06-01,52.33732986450195,53.460404308511514,52.20408029795761,52.84176194475603,6008900
2020-06-02,52.537200927734375,52.94645839367221,52.13745947302969,52.72755382851377,4176100
2020-06-03,53.936279296875,54.345536704799386,53.079696810810226,53.574612830409,4334000
2020-06-04,50.9953498840332,54.079053113596814,50.70030270308399,53.488962382378034,5239800
2020-06-05,53.75545120239258,54.36457755222692,51.17618022639054,52.546714513517806,4899800
2020-06-08,52.461063385009766,54.68818418879546,52.14698415444868,53.3652370280819,3834100
2020-06-09,52.851280212402344,53.18439869696853,51.25232165238757,51.671098760907384,3679300
2020-06-10,53.565093994140625,54.6881719726552,51.87096101634165,52.64188853298682,3256700
2020-06-11,48.606422424316406,52.06131504957347,48.47317649690184,51.13810593723081,6118400
2020-06-12,51.395076751708984,52.16600421002901,49.96743573082818,50.77643085705576,5490500
2020-06-15,53.18439483642578,53.222462509335564,49.71998608476108,49.834196364849106,3495800
2020-06-16,55.211639404296875,55.61138080648471,53.11776866284896,55.09742913110569,7136800
2020-06-17,55.706565856933594,56.38231887395251,55.37345098498609,55.7636728195588,4797300
2020-06-18,54.545413970947266,55.516210444269355,54.3074737656432,54.9546714145246,3336100
2020-06-19,53.35570526123047,55.85883324649076,53.00355119400131,55.811245938418374,5801700
2020-06-22,53.72690200805664,53.850631938139394,52.5752722230668,53.35571584848798,3006900
2020-06-23,53.67930221557617,54.554920272535476,53.16535059222418,54.35505140701373,2808900
2020-06-24,51.48075485229492,53.27958263885434,50.272017894557905,52.98453540910302,3410400
2020-06-25,51.499786376953125,51.985182871414445,49.777097723930886,49.86275635597464,3449500
2020-06-26,50.47188186645508,51.32846817117744,50.07214401137123,51.100043946358184,3633800
2020-06-29,51.98517990112305,52.3658857174939,49.72950756042702,50.9667960176127,2128900
2020-06-30,52.77513885498047,53.060666378414524,51.44267223804896,52.204080177432914,2548800
2020-07-01,51.261844635009766,52.90839061992965,50.919210116866005,52.87983895364428,3325000
2020-07-02,51.46171569824219,52.58479394073398,51.242811109374124,52.36588935186592,1881900
2020-07-06,53.22245788574219,53.4223303968819,52.24214550290064,52.365875413476836,1804300
2020-07-07,53.822078704833984,54.383617786653076,52.74658786053374,52.74658786053374,3889900
2020-07-08,56.01113510131836,56.49653525926276,54.250378650036616,54.42169592570168,3887400
2020-07-09,55.24020004272461,56.56314702984127,54.79287128596335,56.39182978813182,4495200
2020-07-10,55.83027648925781,56.296640779407205,55.07838474607016,55.478126084866574,2384800
2020-07-13,54.164703369140625,56.79156140438924,54.04097345680513,56.23002605530458,3917200
2020-07-14,56.29664993286133,56.41086020651074,53.945799713612786,53.96483536433421,2571900
2020-07-15,57.153236389160156,58.26679843406425,55.94449971473715,57.85754099191003,3095900
2020-07-16,59.52312088012695,59.61829550717849,56.82012008211933,57.105647593953236,4222900
2020-07-17,60.417781829833984,61.26485208528089,59.71348079312676,60.018043992353626,7060600
2020-07-20,60.43681335449219,60.64620190115983,59.21856064081749,60.16080183946293,2652600
2020-07-21,59.68492126464844,60.24646030415479,58.695089122013606,59.780099526832245,3105500
2020-07-22,61.674095153808594,61.95961900185165,59.44697138001242,59.51359433735824,3082000
2020-07-23,60.79848098754883,63.44437848332475,59.523121368917074,63.15884733846683,5526100
2020-07-24,60.67475891113281,61.11256806485391,59.25663353673036,60.474889988435756,2935400
2020-07-27,63.35871124267578,63.453885863009134,61.15062664869474,61.46470943101709,3807300
2020-07-28,61.464717864990234,66.89927148508158,61.084012070059615,65.4335588944821,8176400
2020-07-29,63.38727569580078,63.84412413150581,61.94060229522735,62.08336788522014,3535600
2020-07-30,62.863800048828125,63.33968042085148,62.34032873505915,62.54019761994598,3000500
2020-07-31,62.9685173034668,63.082723987183776,61.52183637792423,62.873335385221495,5067000
2020-08-03,65.02429962158203,65.15754555688652,63.33016650583176,63.48244446274022,3346700
2020-08-04,64.09156799316406,65.28126897843686,63.682317825134426,64.78635656356114,2212900
2020-08-05,64.80537414550781,64.91006838979433,63.77747824188272,64.17721594114565,2079700
2020-08-06,64.35807037353516,65.08140338104408,64.22482443734357,64.50082868991262,1778000
2020-08-07,65.08138275146484,65.10994166704663,63.94879265284619,64.2057648022292,2412500
2020-08-10,66.33771514892578,68.36497000356749,64.92911343739314,65.10043064678037,4635000
2020-08-11,65.8749771118164,67.07721654959651,65.29294096302972,67.0199621994676,6330000
2020-08-12,67.99321746826172,68.0122974017432,65.76048670970731,66.24710872933206,4017300
2020-08-13,68.2031021118164,68.66109310343835,66.74323671697809,67.50656474252875,2772300
2020-08-14,68.11724090576172,68.49890501185382,67.03904653971607,67.75466400877475,1884000
2020-08-17,69.96830749511719,70.61713429535277,68.46073827109372,68.8137788452169,3521300
2020-08-18,70.16868591308594,70.93200691967928,69.75839823317322,70.64576427207105,3261300
2020-08-19,70.63622283935547,70.90338556386294,69.39582343562248,70.0828101787967,3104000
2020-08-20,71.1800765991211,72.07698607836015,69.50075904638736,69.92059025447998,3556600
2020-08-21,73.4414291381836,73.4414291381836,70.4072110874094,70.65529382303251,5956700
2020-08-24,72.67808532714844,73.89940425502931,72.23917429241844,73.6513288525526,3159200
2020-08-25,72.0197525024414,73.17428126126792,71.1132992497297,73.0216126916852,2350100
2020-08-26,70.67437744140625,72.46818918738028,70.66483383732788,72.34415145290936,3277400
2020-08-27,69.17634582519531,71.83844331740401,69.1190987650305,71.59990419386885,3862600
2020-08-28,68.54659271240234,70.40720207187255,68.21263942623149,69.88241313672144,3594200
2020-08-31,68.09813690185547,69.30036858351544,67.58289163272916,68.79466691556779,4129900
2020-09-01,69.99690246582031,70.01598238761308,67.66875890684416,68.19354775157548,2616600
2020-09-02,69.54846954345703,70.64575101920468,68.53706594162814,70.60758388408931,2450000
2020-09-03,67.32526397705078,69.63432767938336,66.40927483283097,69.2908308403466,4127100
2020-09-04,65.10210418701172,68.43210848660088,64.31969611227521,67.85961601624386,4543600
2020-09-08,64.8921890258789,66.18029891288985,63.46095420039191,63.813987465044505,3736000
2020-09-09,66.85774230957031,67.54473611984574,65.0066764629544,65.84633879979593,3427200
2020-09-10,66.5333480834961,68.20312226305721,66.25664177446943,66.83867792800176,3035100
2020-09-11,68.11724090576172,68.42257073470793,66.78142017425803,67.06767007373645,2619000
2020-09-14,69.38626098632812,69.59617657847298,68.2412688327116,69.08093120129098,3633600
2020-09-15,68.47979736328125,70.25452873920587,68.31759253248823,69.30037239858554,2742800
2020-09-16,70.96063232421875,71.86707822530408,69.14773324241061,69.32902533448267,4377700
2020-09-17,69.95874786376953,70.44536967237615,68.78513227351495,69.7011288354694,2828900
2020-09-18,69.3576431274414,70.83658143728803,68.47027722967869,69.825177806587,3827800
2020-09-21,68.81378173828125,69.05232090604889,66.56197141218361,68.47982107969639,2606100
2020-09-22,72.0483627319336,72.40139599452145,68.48935561699753,69.10955882700861,5443500
2020-09-23,67.90733337402344,72.0674573388331,67.66879418925058,72.03883380140246,3830300
2020-09-24,68.69926452636719,69.67250090411754,67.04857066179102,67.7164845458012,3338700
2020-09-25,68.53705596923828,69.35763105573037,67.56381236449855,68.2317262123786,3337900
2020-09-28,71.07511901855469,71.25641109163895,68.69927125914101,69.65342780440686,3151200
2020-09-29,70.62666320800781,71.37091141693955,70.29270987814931,71.13237228423539,2285500
2020-09-30,72.16285705566406,73.08839007133868,70.71254230672714,71.04649564237347,3856300
2020-10-01,73.98529815673828,74.07116875015117,72.30598062684344,73.19334649029301,3514100
2020-10-02,74.31924438476562,74.77724267811516,72.08652181373088,72.30597371790819,2586500
2020-10-05,72.22964477539062,75.16844856843092,71.22778480933356,74.9012859108157,4174500
2020-10-06,71.66670227050781,73.15518422585278,71.22779111135833,72.43003045663384,2440700
2020-10-07,72.28688049316406,73.33645092610136,71.80980236186214,72.6303773300722,2111100
2020-10-08,74.14751434326172,74.34788637146214,73.1074870617018,73.13611059721076,1786100
2020-10-09,74.51006317138672,75.34972538786032,73.97573796427442,74.89172715345336,1954200
2020-10-12,74.7581558227539,75.19706691279929,73.8612537168507,75.00623853613119,1776400
2020-10-13,74.28106689453125,75.00622772468962,73.21241649180827,74.39556827180938,1952300
2020-10-14,74.68182373046875,74.99669711279361,73.78492159850177,74.64366387773497,1695500
2020-10-15,75.20662689208984,75.32112831080545,73.24106652178259,73.49868561434579,2165900
2020-10-16,73.55593872070312,77.48706706358726,73.43190096664279,75.85545993107912,3597600
2020-10-19,72.31551361083984,74.7104481860237,71.78118836237259,73.96620008755573,1764600
2020-10-20,73.0120620727539,73.84218096093436,72.17240685961914,72.48728029440869,2071000
2020-10-21,69.7583999633789,73.03115787837591,69.48169363474788,72.81169862475882,2818700
2020-10-22,67.35389709472656,70.01599433665194,67.05811093883563,70.01599433665194,3949900
2020-10-23,69.71068572998047,69.84426708476144,67.69741452339002,67.92641737127558,2294900
2020-10-26,67.59245300292969,69.41489568277915,66.5524257577161,69.13818938313322,3282000
2020-10-27,65.93222045898438,67.99320223593398,65.50285289527183,67.84053368372857,2577800
2020-10-28,65.72227478027344,67.02947136202309,64.29104051631565,64.76811860430158,2524000
2020-10-29,64.9112777709961,66.36160000108907,64.60594792460353,66.13259715656633,2489400
2020-10-30,63.747188568115234,65.4455858436927,63.098361906470785,64.60593080847346,3353300
2020-11-02,66.00853729248047,66.31386703657135,64.86355257204848,65.51237918819602,2550500
2020-11-03,66.27568817138672,67.33480212605642,65.5696146281516,67.01992883582834,2724000
2020-11-04,71.32319641113281,72.07698089893391,67.5065705162227,67.98364875308647,4198600
2020-11-05,69.56755065917969,72.13422657411739,69.38625860316563,71.69531547817874,3106300
2020-11-06,67.37298583984375,69.59617206011754,66.51424360029209,69.45304714025296,2305200
2020-11-09,61.972469329833984,69.02368614339959,61.84843159035837,68.60386218229283,7374200
2020-11-10,67.630615234375,68.5179811379362,63.31783072995476,63.91894674992707,7652800
2020-11-11,69.51029205322266,69.54845918265217,67.2012353200038,68.90917614388785,4285300
2020-11-12,68.1458511352539,70.12095467305893,67.49702446546291,69.21450896774377,2790200
2020-11-13,69.91104888916016,70.74116772820278,68.30806555559857,68.78514384202003,2337200
2020-11-16,70.73163604736328,70.9701752307844,68.6515740767455,70.28318849742762,2251000
2020-11-17,70.10189056396484,71.93386959331171,69.67251570169952,70.46446747196968,2783000
2020-11-18,71.12283325195312,72.03882270685469,69.88242677031138,70.32133792914108,2741100
2020-11-19,71.65716552734375,72.98344273600797,70.77934312499464,71.14192004432029,3459800
2020-11-20,71.56173706054688,72.50634995144792,70.98924461998976,71.62852772395127,2056000
2020-11-23,73.73721313476562,74.01391939324509,71.72394233795423,72.0960627904799,1943300
2020-11-24,70.88428497314453,74.6627437177652,70.60757872350958,74.27153607115282,3863100
2020-11-25,72.57315063476562,73.02160541367007,70.85567307596837,71.81936602676585,2363100
2020-11-27,72.49681091308594,73.69904280934547,72.10560327091224,72.41093304641822,1215100
2020-11-30,71.08466339111328,72.75443736338775,69.80609710085449,72.53497815256291,6141300
2020-12-01,68.78514099121094,71.84798986917703,68.5847689927748,71.20869945934368,2872800
2020-12-02,66.09441375732422,68.74697478992901,65.87496185151984,68.54659553035324,3830600
2020-12-03,69.22355651855469,69.52020654258175,66.29538504126359,66.39107553581046,2752700
2020-12-04,68.19964599609375,69.02259730723439,67.395837162356,68.76423226802328,2647400
2020-12-07,70.62064361572266,70.70676284393511,67.60634651614038,68.31446471739592,2818800
2020-12-08,67.77861022949219,70.37186120959058,67.39584096769808,69.97952070855459,3485800
2020-12-09,66.89823913574219,69.24268875868188,66.16140710518468,69.24268875868188,4876900
2020-12-10,66.9556655883789,67.59679996828592,65.93176190828122,66.29538872806792,2230800
2020-12-11,66.89823913574219,68.18050763463245,66.50589867518534,66.93650948732832,2028400
2020-12-14,67.36711883544922,68.59197434688589,67.30969871410925,67.84557847589883,2662500
2020-12-15,67.89341735839844,68.62067802714816,67.577639556808,67.71160766674683,2101300
2020-12-16,68.113525390625,68.50585856096284,67.14703472111432,68.35275524837506,2001100
2020-12-17,70.30487823486328,71.48188515492943,68.99389586546683,68.99389586546683,4656900
2020-12-18,70.07521057128906,70.58237668298143,69.6445924627218,70.39098842337967,5122200
2020-12-21,69.38623046875,70.09434880841613,68.05611303446327,69.09915171716636,2451100
2020-12-22,69.20439147949219,69.95078723590491,68.70679674212157,69.37663721564232,1836200
2020-12-23,67.70205688476562,69.42451496254456,67.4628270017806,69.37666606566088,2706800
2020-12-24,68.7546615600586,69.10872438758534,67.11833016384745,67.70205161696977,1634400
2020-12-28,67.36711883544922,68.90775946175417,67.18530183584966,68.89818822474506,1984000
2020-12-29,66.97478485107422,67.9699818747681,66.67814218176615,67.72118079366577,2593800
2020-12-30,67.09919738769531,68.19964896260075,66.9747931813132,66.99393565954875,1506500
2020-12-31,65.95088195800781,66.98435664121543,65.83605630479506,66.98435664121543,2195300
2021-01-04,64.43893432617188,66.5058832673116,63.06097566612603,66.25708223534909,3439300
2021-01-05,63.54902648925781,64.53465239047706,63.33850303448937,64.12317671998865,2583000
2021-01-06,63.013145446777344,63.62557332164836,61.54905983026644,62.563392129137284,4355900
2021-01-07,65.73079681396484,65.9508841905499,63.223665323694256,63.223665323694256,3435100
2021-01-08,64.07533264160156,66.70686142256992,63.68299941972085,66.4580602936231,3091700
2021-01-11,65.1279296875,65.9221745131318,63.06098765414448,63.73082828978855,2404100
2021-01-12,65.48198699951172,65.63509028882171,64.1518697767093,65.27146358858505,3627000
2021-01-13,65.7594985961914,68.37188432121711,65.5968240596149,66.59201375438599,2945300
2021-01-14,66.05614471435547,66.36235862893832,65.43414564703278,66.36235862893832,3462500
2021-01-15,66.3719253540039,67.25228938597806,66.06571146024268,66.16140193315898,2372000
2021-01-19,68.23792266845703,68.69724721021039,66.85996364462878,67.4628202612589,3939400
2021-01-20,71.87421417236328,72.87898242706191,68.34317937519907,68.65896451818611,4669300
2021-01-21,73.27130889892578,74.79281434886434,72.15171509469903,73.01294390591758,3851000
2021-01-22,74.3622055053711,74.68756189690079,72.0560335537145,72.72587421169386,3681600
2021-01-25,75.56791687011719,77.4243426134864,74.92678270332783,75.22342534452878,5327100
2021-01-26,74.43876647949219,79.66354591185976,73.46270453127015,77.05115254531788,4990200
2021-01-27,71.443603515625,75.35740022620449,71.00341418173763,73.46269666534515,3849400
2021-01-28,73.49140930175781,74.24736916672944,70.45796940127063,71.48187281794222,3436300
2021-01-29,73.49140930175781,74.30478929245136,71.92206214537735,72.8598390238237,5228200
2021-02-01,73.76891326904297,74.47703888374096,72.63018414401957,74.11340483816208,2717800
2021-02-02,74.08470153808594,74.6014389134839,72.5919095429691,74.0464238842732,2247600
2021-02-03,73.252197265625,74.4483467487298,72.91726956978201,73.7976411378921,2495400
2021-02-04,73.75934600830078,74.59186117889996,72.27611808026946,73.3382991537442,2838400
2021-02-05,76.57270050048828,77.29996141524302,73.50098956805019,74.41006753667283,2924400
2021-02-08,79.38603210449219,79.48172258381457,77.10856657347092,77.35736035956599,2488000
2021-02-09,78.2760009765625,79.74008632465966,77.84538291489493,79.5678405601356,2669600
2021-02-10,79.00325012207031,79.8931853073428,77.53916485291236,78.23771911046119,2238200
2021-02-11,79.85491943359375,80.77356846409187,79.03196818177932,79.43387987039056,1666000
2021-02-12,78.63963317871094,80.14199627962576,78.29514162557115,79.24248974634791,1779100
2021-02-16,75.74268341064453,78.60126311484902,75.43572247019867,78.28470758667876,3708500
2021-02-17,75.19591522216797,75.75228425975276,73.4021077327936,75.04243839852231,3054900
2021-02-18,75.05201721191406,75.92494170547624,74.68750339311688,75.03283535556722,1887700
2021-02-19,75.98249053955078,76.4621174264197,75.1479371217297,75.47408721043381,2609700
2021-02-22,74.3038101196289,76.04965201661274,74.2270680471506,75.58921421879658,2844400
2021-02-23,74.72587585449219,75.16713174417359,72.52918367517918,74.08317753594707,2885800
2021-02-24,76.78826904296875,76.83622734149456,72.0975185815416,74.10235549565138,3835900
2021-02-25,71.49320220947266,76.1551774149592,71.0999118599214,75.80025078658527,6323600
2021-02-26,73.73784637451172,74.75465311758704,72.09752316277608,72.57715008966461,4991500
2021-03-01,74.47648620605469,75.73310670926892,74.09278311024434,75.21511594623196,2242700
2021-03-02,75.57003784179688,76.0688540788707,73.79541919667274,74.82182080471422,3377400
2021-03-03,72.941650390625,75.23426609044866,72.91287395131316,75.00404725742916,2419000
2021-03-04,71.76177978515625,74.73547264163427,69.61305316217852,72.90329423417235,4402400
2021-03-05,75.79064178466797,76.05923166706341,70.55311712238063,72.73061994196546,4396300
2021-03-08,77.22953033447266,78.37103745152149,75.72350206668833,76.14556878858173,3037600
2021-03-09,76.49090576171875,79.36866753037586,76.28946331613595,77.9297866460473,2770800
2021-03-10,78.74516296386719,79.36867957204703,76.56765944870149,77.22954709784155,2850100
2021-03-11,79.91542053222656,81.53656156887683,78.83146652486214,81.48859595819115,4141000
2021-03-12,77.40220642089844,78.86026925849882,76.15517331251522,78.13123418043507,4333000
2021-03-15,80.30873107910156,80.33750752277244,77.49811709033995,77.84344905144229,2796400
2021-03-16,79.86748504638672,82.31357820082505,79.84829586922307,80.95143936327648,3426100
2021-03-17,83.44548797607422,83.68530143171643,78.25592860161036,79.11925850562749,4342900
2021-03-18,79.31111145019531,82.48623946544122,78.7931134744271,82.20805496075867,4208300
2021-03-19,80.22239685058594,80.98020827040122,78.38063121480823,79.33029047723642,4835700
2021-03-22,81.04735565185547,81.52698257634975,79.42622162366254,81.11450312854363,2193900
2021-03-23,80.0401382446289,82.00660411478556,79.37825079037015,81.27757650677437,2470300
2021-03-24,80.15525817871094,82.22725023545952,80.04973965812502,80.39507166758312,1968200
2021-03-25,82.5438003540039,82.98505626620762,78.47655858159975,78.79311412248276,2914400
2021-03-26,86.18894958496094,86.31365725864835,82.34233992636757,83.05219298397537,3499900
2021-03-29,84.28963470458984,87.34006210535804,84.0210374909126,86.1985477324385,3228600
2021-03-30,85.60382080078125,86.19856088689625,83.368764650172,83.56061251355005,2003500
2021-03-31,85.48870086669922,86.64939708071981,85.02825582483143,86.32324698470396,2513200
2021-04-01,87.3400650024414,87.45517077930968,85.69973449680846,86.3808111630671,2443100
2021-04-05,88.86528015136719,88.99957511104007,87.03310901952918,87.96357914911233,2481500
2021-04-06,89.57511138916016,90.36169916131034,88.27052572044396,88.65422867921788,2810800
2021-04-07,88.41443634033203,90.16027826670928,87.77173793919098,89.93965395277823,2282100
2021-04-08,87.74295043945312,88.75016258634902,87.52231883478485,88.55831474461438,2036500
2021-04-09,90.10270690917969,90.35211493856775,87.19616915703284,87.74294351319388,2169800
2021-04-12,89.9300537109375,90.48642273300885,89.13387121230363,90.09312511855363,2623700
2021-04-13,89.34489440917969,89.77655567274654,88.12664535701799,89.45041290801166,2598300
2021-04-14,89.04754638671875,89.99720575284923,88.51995378413135,89.00917535030086,1938600
2021-04-15,89.25858306884766,90.21783701985719,89.05713329883203,90.16987139489596,2771800
2021-04-16,92.44329071044922,92.86535740297435,89.68063510142682,89.77655901706773,4065300
2021-04-19,91.81978607177734,92.96130057450785,91.02360356451948,92.86536932802255,2355900
2021-04-20,88.18421173095703,92.0212273488496,86.97554976213345,91.58956601924729,2984700
2021-04-21,89.49838256835938,89.91086199556565,88.34727361594557,88.4240156764783,2569800
2021-04-22,91.05238342285156,91.10034904789151,86.14100786947733,87.19618575361466,5456800
2021-04-23,94.20832824707031,94.5248838026344,91.1291239884216,91.80059881671505,4052800
2021-04-26,96.31867980957031,96.79830672071799,94.15076412199554,94.49609608350394,3697400
2021-04-27,96.48175811767578,98.41944775743353,96.24194464491472,96.94219588700223,3902700
2021-04-28,95.74311828613281,96.80789057682624,95.28268056603737,96.54889527408825,2618200
2021-04-29,97.33550262451172,97.5273504933038,95.65680815773624,96.58728569028469,2290600
2021-04-30,94.28507995605469,96.77913898275881,94.04526644736146,96.77913898275881,5110400
2021-05-03,96.74076080322266,97.33550089555716,94.9757370224007,95.5608825259079,3174600
2021-05-04,97.51775360107422,97.66163582920835,95.31146673501704,96.28990247896091,2250800
2021-05-05,97.56571960449219,98.29475466485722,96.52013629872265,98.1412705180322,2227800
2021-05-06,97.36425018310547,98.2275799735572,95.9445514923043,97.99736113561171,2128300
2021-05-07,99.83442687988281,100.12276682660735,96.79719624348138,97.66223074960685,2438300
2021-05-10,100.39189910888672,102.73710242224323,98.82523061109838,99.55570509661509,2652900
2021-05-11,95.7303237915039,99.2865752139298,95.25936340119837,98.86366781603644,3834400
2021-05-12,88.7619857788086,94.84605228440098,88.67548600841357,94.83643875447662,7788700
2021-05-13,91.28021240234375,91.92417970132676,89.05996321747413,89.20412952845828,5582600
2021-05-14,92.54891204833984,92.87569874345891,91.45320426721425,92.27017833798685,2226200
2021-05-17,91.93378448486328,92.6546453030933,89.38674146052213,92.34707831396751,3069400
2021-05-18,88.6562728881836,92.38553112392367,88.4255994645528,92.2605772141844,4157900
2021-05-19,87.76239776611328,88.2621986972272,85.58059562348704,86.65708373183023,5975000
2021-05-20,87.95464324951172,89.34830472168241,87.4548422528465,87.69512921928809,3541600
2021-05-21,87.01271057128906,89.19452021912485,86.31107677238128,88.3294857185066,3723600
2021-05-24,87.56056213378906,88.17569613226897,87.27222219680043,87.68551603949558,2294300
2021-05-25,89.57896423339844,90.49205896374424,88.11802293101034,88.11802293101034,3830700
2021-05-26,90.6266098022461,91.93377114966793,89.69429543929344,89.9057490885785,3265600
2021-05-27,91.86649322509766,92.21250696226362,90.62661188908204,91.24174579227164,4281400
2021-05-28,91.5877685546875,92.88531653043567,90.99185431907358,92.43357592167717,1700000
2021-06-01,91.35710144042969,93.01988303009712,90.20371967916408,92.89493645580805,2572400
2021-06-02,89.34829711914062,91.61660647597952,89.1849037557776,91.35709980081329,3241600
2021-06-03,87.78162384033203,88.6178176713707,86.37834903609536,88.4352045893029,3085800
2021-06-04,88.98307037353516,89.12724401870075,86.89738128346504,88.18531589219826,2336600
2021-06-07,88.74278259277344,89.2714095095487,87.97386138094888,89.19452325474715,2104700
2021-06-08,89.28101348876953,89.96342750808626,88.55053914898988,89.96342750808626,1673400
2021-06-09,87.1568832397461,89.74237318142285,86.9454295493966,89.45402590676882,2051800
2021-06-10,84.4272232055664,86.49369253941572,83.55258247955062,86.41680628485881,6815800
2021-06-11,85.28265380859375,85.72478094923571,84.07160543806718,85.01352624505071,3261000
2021-06-14,84.56178283691406,85.81127052048328,84.2061555271651,85.71515721143571,3862300
2021-06-15,85.21537780761719,85.78245155859591,84.19655602957276,85.10003741775084,2490100
2021-06-16,83.93702697753906,85.69592895671617,83.36033984765427,85.45564204151628,5329900
2021-06-17,85.41720581054688,86.53213342170454,83.36995634695144,83.44684992923145,4242500
2021-06-18,86.44563293457031,87.72395389788942,83.96586992363231,84.20615686656097,5397100
2021-06-21,87.03194427490234,87.76241139073855,86.26302303057571,86.79165730267232,3232000
2021-06-22,87.44522857666016,87.90657540631241,86.56096704270463,87.58939487781672,2347800
2021-06-23,86.176513671875,87.63745507430963,84.94623835095953,87.62784154325445,2427400
2021-06-24,85.8497085571289,86.54173604447027,85.06156777054007,86.53212251465311,3470700
2021-06-25,85.39798736572266,86.46486209534189,84.99430701748196,85.74400118792221,5722200
2021-06-28,86.09962463378906,86.35913132217073,85.10964353914726,85.9746707224035,2756300
2021-06-29,86.99348449707031,88.11802559937355,85.8016560129268,85.8016560129268,2639500
2021-06-30,86.85892486572266,87.24337809960062,86.0419434112935,86.48407782960886,3960700
2021-07-01,89.20411682128906,89.50207759848932,86.6859145084698,87.0030876804296,3265300
2021-07-02,88.7716064453125,89.96342759763112,88.36792615173327,89.77120098153873,1498700
2021-07-06,87.36832427978516,89.088779481366,86.32066951101257,88.77159899176722,3527700
2021-07-07,89.37711334228516,90.06914078811478,87.35870484726492,87.56054496346951,2481300
2021-07-08,85.62863159179688,87.4067604232282,85.06155805790496,85.83047903003602,4112100
2021-07-09,86.09000396728516,87.01270493046957,85.63826334997108,86.37835122645703,2290400
2021-07-12,85.57099151611328,85.83050554087862,84.35994317748593,85.25381096716724,2715700
2021-07-13,83.14888763427734,85.21535660751022,82.84132067079442,85.00390294518293,3075900
2021-07-14,83.3988037109375,84.41762551600523,82.88939647489207,83.95627127727951,2233700
2021-07-15,83.6583023071289,83.84092272894718,82.28386071049123,82.87016143350995,2003400
2021-07-16,82.9470443725586,84.72516604226533,82.76442397417036,83.70634455612385,2199500
2021-07-19,83.41801452636719,84.09081502159604,81.49571901659854,81.6975591651672,4129800
2021-07-20,85.59981536865234,86.01310919012695,83.25461986972749,83.80247378814963,3238700
2021-07-21,87.91619873046875,88.15648570312972,85.45566247697298,85.71516918093717,3322500
2021-07-22,86.15728759765625,86.44563486881272,83.13928411358164,83.86975848966249,5580700
2021-07-23,89.91539001464844,90.3671233731553,87.41639957946127,88.21415410557138,4888300
2021-07-26,88.92537689208984,91.23213270676773,88.18529643192204,90.8284524557671,3087500
2021-07-27,89.52131652832031,89.8288835688727,87.32990044776251,88.66589546762847,1826700
2021-07-28,87.74317169189453,89.66546703228093,87.3202643704576,89.12722668352467,2485700
2021-07-29,91.79923248291016,92.21252634847043,88.50249509008539,88.54094188373938,2633300
2021-07-30,91.72233581542969,92.80843020102192,90.94380843576474,90.94380843576474,3389300
2021-08-02,92.74113464355469,93.70228229301875,92.14522779399073,92.81802821542573,2580300
2021-08-03,93.75996398925781,93.8656908261897,91.84727472692646,92.97182314402248,1988500
2021-08-04,92.12603759765625,94.0579471993422,92.07798459573999,92.96223902715674,2115900
2021-08-05,92.59696960449219,93.33705746958123,92.00106269974421,92.2797964238579,1879300
2021-08-06,91.02069854736328,93.40434844411327,90.6842982661423,92.70270728644427,1762400
2021-08-09,90.74138641357422,91.8779416062357,90.14421085522788,90.8280766253728,1578300
2021-08-10,92.1861343383789,93.40937940776887,90.54872812644099,90.83767827346243,1790300
2021-08-11,94.82526397705078,94.92158805484807,91.90682372308085,92.16688697554088,2430300
2021-08-12,93.79467010498047,95.33576734135296,93.30345252567056,94.77711996059274,1404100
2021-08-13,94.17992401123047,94.52667007944667,92.88926380614376,94.16066360677164,1284900
2021-08-16,94.78672790527344,95.9810713230402,93.23600456311513,93.93912318747607,2575700
2021-08-17,91.09774017333984,93.87170122654906,89.70112209651157,93.62127189061879,2980300
2021-08-18,89.99971771240234,91.74307457324709,89.41217617449988,89.84560508347958,2984100
2021-08-19,89.80708312988281,90.33683614278047,88.3430497964581,88.68016200989518,2598100
2021-08-20,91.40596771240234,91.97424153057463,89.48923770651436,89.5759205539664,1914100
2021-08-23,91.14591217041016,91.77198195491765,89.5759281187338,91.66603134453196,1828200
2021-08-24,92.42694854736328,93.88135549904452,90.90511914618668,91.54082282585381,1639100
2021-08-25,93.58277130126953,94.39184069422777,92.6581100686089,92.81222272355096,1559500
2021-08-26,92.03205108642578,93.79466871568762,91.42524167033093,93.36123971718798,1567500
2021-08-27,93.39010620117188,94.09323214666456,92.05128409056378,92.34986809626238,1597700
2021-08-30,92.55216217041016,93.65982302768707,92.34989481623722,93.42866138698888,1852100
2021-08-31,92.09945678710938,93.30343417339952,91.51191523472019,93.24563826188114,3173500
2021-09-01,93.43827819824219,93.57312307639387,92.05129391040231,92.19577266513474,1763200
2021-09-02,93.09153747558594,94.10287411983785,92.59067874353201,93.94876882816405,1713300
2021-09-03,91.46375274658203,93.17821536040327,90.68357775565084,92.54251912480983,2419000
2021-09-07,90.33683013916016,91.98387028548935,89.97082366725188,90.80878720660668,2847700
2021-09-08,88.03482818603516,89.77818509443551,87.69771598668908,88.14077878418605,4286700
2021-09-09,86.91753387451172,88.1985675839581,86.06993643552572,88.10225086224295,4449500
2021-09-10,86.29147338867188,88.3141615034712,86.15662849415133,87.80367621014408,1913600
2021-09-13,85.72319030761719,86.84048485463443,84.36510028220775,86.78268894284382,3646600
2021-09-14,84.64442443847656,86.54189399561206,84.00872819283686,86.445577273363,2454500
2021-09-15,85.37644958496094,85.55945651153402,83.87388805708376,84.27842272251296,2948400
2021-09-16,86.97531127929688,88.10223211541134,85.12599681279629,85.12599681279629,3295000
2021-09-17,87.45692443847656,87.71698033294433,86.4937424836409,86.68637593520998,4521600
2021-09-20,84.83707427978516,86.92717750433917,83.53678001950247,85.55946079644171,3568800
2021-09-21,84.69258117675781,85.52091816358225,83.8160821575737,84.57699670819125,2378100
2021-09-22,85.21269989013672,86.46483189257724,85.02005911003438,85.64612878550183,1867000
2021-09-23,84.10504150390625,85.74244776121408,84.0183586619463,85.43422985342104,2948600
2021-09-24,83.83535766601562,84.44215964801653,82.75659123840781,83.87388582576895,2061200
2021-09-27,84.11466979980469,84.52883827484547,82.63136892055387,83.20927654076344,2659600
2021-09-28,81.9571533203125,83.83536264012554,81.13845008534065,83.57529938348434,2859100
2021-09-29,83.29597473144531,83.93167097022746,82.43873607173997,82.43873607173997,2429200
2021-09-30,80.8783950805664,84.278426422182,80.8495007958381,83.93168030845108,2854300
2021-10-01,80.66647338867188,81.68744371526721,80.26193880815225,81.18659242726584,2096100
2021-10-04,79.95372772216797,80.91690957573489,79.61661554311843,80.28120602510343,2113100
2021-10-05,79.90557861328125,80.72428185152374,79.27950883750914,80.1656418709614,2027700
2021-10-06,80.13671875,81.05174582261691,79.26986105282782,79.46249446364529,2326900
2021-10-07,81.18661499023438,82.51580355926886,80.88803090951185,80.88803090951185,1691200
2021-10-08,80.33900451660156,81.62966471460523,79.96335682101666,81.45629168144859,2119900
2021-10-11,80.22341918945312,81.10954475013936,80.04041228182429,80.1656306285154,1994200
2021-10-12,80.63758087158203,81.16732644854281,79.88630024893277,80.46420785493267,1829600
2021-10-13,81.70673370361328,82.25574716902491,80.83023452544087,80.97471330023251,2091100
2021-10-14,84.22064208984375,84.33621923457163,81.9956865233842,82.09201060865207,2225400
2021-10-15,83.8449935913086,85.37644939931562,83.54640218304988,85.00080901816312,2375800
2021-10-18,85.17418670654297,85.29939772424905,83.28635082065124,83.41156183835731,1954600
2021-10-19,85.03932189941406,85.51127892325633,84.28804127209547,85.35717365666238,1243300
2021-10-20,86.22406005859375,86.73455275439511,85.15493466713218,85.48241306031031,1718400
2021-10-21,85.9350814819336,86.01213778967094,85.27048368756347,85.46312445690683,1478900
2021-10-22,85.32828521728516,87.15833238756741,85.2512362463274,86.00251698975498,1900700
2021-10-25,85.30902862548828,86.06994327998864,84.76001518470896,85.26086658655335,2267900
2021-10-26,85.43423461914062,85.80987498557704,84.36510208436161,85.55945297361609,2349500
2021-10-27,84.53848266601562,88.61274584414424,84.49032797411076,85.84841080115653,3009700
2021-10-28,86.06993865966797,86.36852270924909,84.53847555539166,85.15491875698676,2374500
2021-10-29,85.9832534790039,87.2450268897051,85.73283145116619,85.88693674918206,1727300
2021-11-01,86.97531127929688,87.18720508258444,84.85630710998188,86.0410238456232,2202800
2021-11-02,85.2416000366211,87.23538631980905,84.88522008027537,87.05237940324031,1792400
2021-11-03,85.54019165039062,87.21613363270839,84.82743902312068,84.89486146963951,2511000
2021-11-04,86.83084869384766,88.95947978502186,86.20477899679769,86.26256755857335,2633500
2021-11-05,89.09431457519531,89.59516586703752,87.15831714144254,87.64954190640836,2228300
2021-11-08,89.30622863769531,90.22124852065328,88.63199688580984,89.229172320595,2998000
2021-11-09,93.92950439453125,94.70005292562645,91.50228901402355,91.521549420478,4485700
2021-11-10,91.52153778076172,94.62298456865932,90.76063057240908,93.5249578280178,3113100
2021-11-11,92.81219482421875,93.48641911567888,91.42521074065088,92.08980850544276,2578000
2021-11-12,94.18956756591797,94.33404633393604,92.8122170280037,93.22638557712465,1458100
2021-11-15,93.71760559082031,94.76747037690397,93.42864806976326,94.39183000862678,2074700
2021-11-16,95.46096801757812,96.05814349934376,93.31306893752206,94.02582890403133,2711400
2021-11-17,97.80150604248047,98.13861828960454,95.65360684195426,96.22188807153127,3325300
2021-11-18,98.0904312133789,98.87061347017347,97.39694648849728,98.38902256905084,2485400
2021-11-19,98.40829467773438,100.49839767359232,98.18676695202318,98.20602735702181,2404500
2021-11-22,96.48192596435547,99.33294341212446,96.42413740378746,98.73577535693634,3032900
2021-11-23,98.00376892089844,98.14824769121803,95.30685636991777,96.08703879024536,2559200
2021-11-24,97.3680648803711,98.24456402789781,96.79979102748756,97.72444486593066,1824600
2021-11-26,95.11420440673828,96.77087830735394,94.11249443547081,95.35499986093255,2375600
2021-11-29,95.12386322021484,96.31820692854998,93.81393501810687,96.0774114112286,2122400
2021-11-30,94.10289001464844,97.06949270252979,93.24565851727634,95.05644560264369,5342500
2021-12-01,94.16069030761719,96.82870166565144,93.80431026186669,93.80431026186669,3887800
2021-12-02,98.99584197998047,99.37148236146004,94.47851617642444,95.27795897741748,3649000
2021-12-03,98.98136901855469,100.4389668080082,97.71683468460834,100.07214992485348,2801600
2021-12-06,102.04135131835938,102.54330892987002,100.0528456290967,100.51618318551826,4196000
2021-12-07,102.47574615478516,103.315548299749,101.57802128751406,102.80394300118063,2452400
2021-12-08,103.26726531982422,104.33873602529044,102.32127295209992,103.21899762258508,2448700
2021-12-09,103.2479476928711,105.09166459532653,102.47571614622095,103.06453929440676,2577000
2021-12-10,105.84461212158203,105.95079517469445,103.75957111277543,104.10707794757654,3255500
2021-12-13,104.27118682861328,106.61685451690083,104.02021537296434,105.8542777710054,3637500
2021-12-14,101.10501861572266,103.09353176378417,100.51618794622605,102.69775719117057,4156800
2021-12-15,103.64373779296875,103.86575154232874,100.67062711015416,101.790365599305,6796500
2021-12-16,100.84439849853516,102.95839750622514,100.11077202787159,102.66880597804732,5464400
2021-12-17,99.44469451904297,101.05674287734695,98.74968825738075,100.57409534405498,4291000
2021-12-20,97.86161804199219,98.39253331158437,95.79588704422565,98.1994772306149,2709700
2021-12-21,99.89838409423828,99.97560946685317,98.5276668711,98.84621600967374,1839500
2021-12-22,101.91585540771484,102.14752416276218,99.89838487885251,99.90803989165941,2501900
2021-12-23,101.27877044677734,102.52400213644485,100.87334823096502,102.32129102853868,2660800
2021-12-27,102.52399444580078,102.56260713459376,101.43321360471394,101.88690349225986,4083300
2021-12-28,103.2383041381836,104.0588108341915,102.437114832256,102.52398785299084,1524300
2021-12-29,104.59938049316406,105.05307038094247,102.9004590084888,103.05490976373989,1216700
2021-12-30,103.77886199951172,105.10131136591065,103.41204520564199,104.61866389154818,1038000
2021-12-31,104.68624877929688,105.20750900774043,103.35414421635247,103.7788764094436,983200
2022-01-03,101.60698699951172,104.86968251553448,100.88301551268802,104.16502105921259,2468600
2022-01-04,102.05101013183594,103.04526301348668,101.10501759160809,102.15719319343145,3503000
2022-01-05,99.49297332763672,104.34840687637437,99.37713525545004,101.59731710234603,3506100
2022-01-06,97.97744750976562,99.26129169291886,96.74187102492697,99.08753828944987,3891600
2022-01-07,91.93470764160156,98.0739853592411,91.78991189678018,98.0739853592411,6611200
2022-01-10,92.3980484008789,92.52353411295698,89.09674091743543,90.39023281992654,4182700
2022-01-11,95.3036117553711,95.96966052921191,91.62583151759209,92.32084533779029,4071800
2022-01-12,95.97929382324219,97.05077199278782,94.85954795197684,95.26497749841754,2734300
2022-01-13,96.29784393310547,100.54514396489478,95.39046415703385,100.06249640138729,3804900
2022-01-14,95.11053466796875,96.41368171217209,93.69154954875836,95.40977382263128,2722200
2022-01-18,90.1778793334961,94.08732799181467,89.87864016650329,93.53711000094047,3853600
2022-01-19,87.19510650634766,89.58903418502189,86.89586002305062,88.70096447727555,4176700
2022-01-20,85.2934799194336,88.7878510086266,84.99424078004532,88.37277380014406,3698500
2022-01-21,84.82048034667969,87.74532322680366,84.27991010021243,85.51548660993716,4592000
2022-01-24,87.92871856689453,88.0059439348872,82.15625855484717,82.976757837074,4396700
2022-01-25,86.34564208984375,87.16614880076975,83.99997474733588,85.66028346576839,5022500
2022-01-26,82.8705825805664,88.65269814783184,81.77980177253396,87.74532576485385,6232900
2022-01-27,81.10411071777344,84.82050364516357,80.41875191442551,83.0250537348531,4310000
2022-01-28,83.06365203857422,83.13122240565704,77.85105666558414,81.34542045560677,4537500
2022-01-31,86.12361907958984,86.24910477541569,82.87057235382434,83.04432574437655,3565200
2022-02-01,86.34564208984375,87.02135306562886,83.31461612326052,86.71245893414958,3906800
2022-02-02,87.69705963134766,87.98665111138588,84.79151927620192,86.87656025739571,3939200
2022-02-03,85.11972045898438,86.96343023240013,85.01353741100255,86.76071914933036,3719200
2022-02-04,81.10411071777344,84.27028559939868,80.82418155179354,84.27028559939868,5525000
2022-02-07,82.3782730102539,83.42079339352108,81.39367533580146,81.83771015875975,4058000
2022-02-08,83.83587646484375,83.99032721310164,81.40333609671828,82.05008203465985,3911300
2022-02-09,85.66995239257812,86.88622645483628,84.85910792748483,84.9363259494331,3573400
2022-02-10,82.07903289794922,85.19693899697634,81.74118111994106,83.23739131991259,5476300
2022-02-11,81.31645965576172,83.51733137292042,80.72762903753379,82.55203624331627,2912700
2022-02-14,80.07123565673828,82.1369668410412,79.74303881653039,80.91104515048723,3526400
2022-02-15,81.86666870117188,82.06937977263718,80.6890075925116,81.11373976012457,2547500
2022-02-16,82.55870819091797,83.0329589435771,80.35197457973203,81.60051860482916,2716400
2022-02-17,80.09066009521484,82.62646371364421,79.81965964736298,82.29738646681811,3864200
2022-02-18,80.75847625732422,81.2230462768817,79.03568161506784,80.28421815775816,3498200
2022-02-22,77.81616973876953,80.2067920098815,77.2838422509566,79.23892922055404,4959400
2022-02-23,75.63850402832031,78.68727432201645,75.40621894794819,78.46466255617806,4945200
2022-02-24,79.66480255126953,80.10034533936252,73.10269247872293,73.58662398713149,6751100
2022-02-25,83.25556182861328,84.05888979257462,78.97760966402615,79.2776521785922,6750900
2022-02-28,82.6554946899414,83.41042658465334,81.668270378235,81.9683129041342,3274500
2022-03-01,83.0716781616211,84.15567993177979,82.18124602635982,82.39416967106366,3140100
2022-03-02,84.76544189453125,85.33647751056067,82.99425086194385,83.6911133917624,2883900
2022-03-03,83.72980499267578,85.81071129310926,83.00390796119014,85.81071129310926,2072900
2022-03-04,82.6554946899414,83.72982311986472,81.55213155394581,83.72982311986472,2603600
2022-03-07,77.5161361694336,83.37170967210932,77.15803162208249,83.07167453585127,4082200
2022-03-08,77.77745819091797,80.81654690909836,76.3256639350659,77.33224217189489,2898400
2022-03-09,79.99385833740234,81.57147197288963,79.60671175778754,79.98417764225509,2179900
2022-03-10,79.75189971923828,79.82933051886788,77.14834630930102,78.10652845604298,1788400
2022-03-11,78.35819244384766,80.42941880130878,78.25172691652132,80.2164877466561,1657500
2022-03-14,74.8932113647461,78.56141180044244,73.86727928902002,78.15491124789509,3975100
2022-03-15,77.82586669921875,78.07750576040533,74.94163173518997,75.96756414334241,2853800
2022-03-16,79.11311340332031,80.2745533435721,75.58041225105931,78.50336241902859,3474000
2022-03-17,80.52617645263672,80.60360724350623,78.07748491898973,78.99695894610029,2694300
2022-03-18,82.98455047607422,83.32330096319691,79.3260304467355,79.54864212924859,6669200
2022-03-21,80.25520324707031,82.66518758562574,79.30670158243372,82.55872205817748,3707300
2022-03-22,80.1293716430664,82.12316688561978,78.91954299895235,80.87462283878912,2938200
2022-03-23,76.01594543457031,80.12936234736605,75.8126951320429,79.7325350537122,4896200
2022-03-24,76.29663848876953,76.57731963172856,73.93505051643044,75.91917252718528,4272300
2022-03-25,75.26101684570312,76.94509612732689,74.9319396388298,76.43213000128459,4083800
2022-03-28,75.75462341308594,76.23855484698231,74.63190632623436,75.10615706387465,3432200
2022-03-29,78.2130126953125,79.26798728641306,76.98382983962519,77.06126065780325,4185600
2022-03-30,76.3547134399414,78.27108547820288,75.75463570621716,77.79682727939436,2703100
2022-03-31,72.1154556274414,76.22887231821338,72.07674023130579,75.590079358286,7737000
2022-04-01,73.73179626464844,74.24476242189554,72.58971774344984,73.20914941079064,3626000
2022-04-04,74.19636535644531,74.79643556302675,73.75114197295913,74.27378876799294,2866100
2022-04-05,71.67024993896484,74.64158871509977,71.28310330622709,73.79954534271074,3546900
2022-04-06,68.84407806396484,70.51848395113693,68.31175795635818,70.19908745604866,8550500
2022-04-07,68.12788391113281,69.65710940138479,66.57930440767934,68.63117686488614,6300700
2022-04-08,68.5537338256836,70.34427878818865,67.36325916020148,68.03108695187741,4444100
2022-04-11,69.85066986083984,70.2862126346499,67.99237470170092,68.1762710318124,5018800
2022-04-12,69.35706329345703,72.63811813879677,68.56340857701149,71.5831436720694,4737000
2022-04-13,71.71864318847656,72.36710959340238,69.33770121524711,69.33770121524711,3654200
2022-04-14,70.17974853515625,72.87040650662543,70.02488690999117,71.91222419959483,2517400
2022-04-18,69.05701446533203,70.97338620163644,68.58276372545868,69.25059147032665,2401500
2022-04-19,71.7380142211914,72.0380494133509,69.2989951219429,69.2989951219429,2551700
2022-04-20,72.19288635253906,73.89632703412236,71.87349722441081,72.21224774467261,2618500
2022-04-21,70.9056396484375,74.05119414117286,70.49913160968588,73.70276289893323,2432600
2022-04-22,69.05701446533203,70.77980919664182,68.81504874724453,70.77980919664182,2627600
2022-04-25,71.80574798583984,72.12513711781773,67.90526183936778,69.01829822161388,4799400
2022-04-26,69.88937377929688,73.70275567668004,69.87001977182813,71.2927793075201,4913300
2022-04-27,67.8375015258789,70.77013207392628,67.58586250924697,70.72173597923158,3766100
2022-04-28,70.51848602294922,71.50570285543597,67.14064683114734,69.5699772053615,4773000
2022-04-29,67.35356903076172,70.73141553559871,67.07289531551726,69.68612193437339,3573200
2022-05-02,68.4859848022461,68.63116572242016,65.84371568454486,67.08257908617462,3554400
2022-05-03,69.41513061523438,69.66677704495402,67.6342589818304,68.48598308727897,2301000
2022-05-04,73.14139556884766,73.55757689136448,67.82783056887853,69.45384045868752,3984800
2022-05-05,68.86344909667969,71.81542660909936,67.72137054141805,70.47009772419898,4573800
2022-05-06,67.98474884033203,68.61585698945082,65.8778252817412,68.01388306278686,3513600
2022-05-09,67.8973617553711,69.28579658458737,66.42154649023672,66.80020986114728,3783100
2022-05-10,66.22734832763672,69.81980537595793,65.9457768292384,69.42171923447452,3744300
2022-05-11,62.9747314453125,66.58660433531406,62.60577947555051,65.8389815814803,5053300
2022-05-12,65.59625244140625,66.95556056497834,62.26595087208964,62.26595087208964,4624800
2022-05-13,66.53805541992188,67.45073505884295,65.5962489682919,67.06236027158081,3286500
2022-05-16,66.38270568847656,67.10119418383017,63.566997921108126,66.24677563280514,2887500
2022-05-17,68.41194915771484,68.60614023313892,66.16909594189943,67.9653207956876,2993100
2022-05-18,63.80002975463867,67.74201679848342,63.57671923166076,67.39248760632815,3306100
2022-05-19,64.58647155761719,66.20793559006877,63.56699616819438,63.56699616819438,3067600
2022-05-20,66.75165557861328,66.81962060435167,64.21751940694553,65.85839883815666,2841700
2022-05-23,65.47975158691406,67.75173221224827,65.02341169867154,67.51871026782185,1941200
2022-05-24,63.722354888916016,65.34381925889687,62.26595482288681,65.05253628263752,3646100
2022-05-25,66.99439239501953,67.14003386001349,63.518449678431615,64.12043094351142,3171200
2022-05-26,70.74220275878906,71.00435149757568,67.25654826481338,67.6837612989003,4970500
2022-05-27,72.60639190673828,72.66464553503215,70.78103994640838,71.20824556661896,2780400
2022-05-31,72.96562957763672,73.34429292324947,70.57713485622084,71.72283629894542,4823200
2022-06-01,72.8879623413086,73.3831403971321,72.18888918194206,73.15011107225445,5268100
2022-06-02,74.06279754638672,74.1016357707677,72.4801787929393,73.14041379214835,3915400
2022-06-03,73.79093170166016,74.64535034935244,72.34424314112019,72.87825201806538,3482000
2022-06-06,73.4025650024414,74.89780335677167,73.0239015616031,73.96570816335166,3641600
2022-06-07,73.2957534790039,73.93657301910388,71.01406168261452,71.92674136422359,3398000
2022-06-08,70.87812042236328,72.52870382531067,69.96544088483851,71.83934217313231,3892000
2022-06-09,71.31504821777344,72.27627752225669,70.28586128594682,70.31498809984633,3614900
2022-06-10,68.34400939941406,70.47035616369915,67.9362191017151,70.19849596523318,4146100
2022-06-13,64.56706237792969,67.13032561505942,63.75148198776703,66.0331736880169,8434000
2022-06-14,63.809749603271484,65.5671368347254,63.78062278404169,64.13986343138863,4241100
2022-06-15,63.53787612915039,65.14962151983791,61.82903148448554,64.39229474766628,4831800
2022-06-16,59.518211364746094,62.100893829980954,59.11042115099059,61.43095117717548,6222500
2022-06-17,58.799720764160156,59.858038187404574,57.52779683411629,58.43076508072926,7493200
2022-06-21,59.518211364746094,61.2561828844755,58.255998798214776,59.8192020252442,3526900
2022-06-22,62.2174072265625,63.13007948528029,58.489023231294894,58.896813436741134,6520100
2022-06-23,65.44090270996094,65.64479780410095,63.11066142208062,63.35339473524247,5310400
2022-06-24,65.72248077392578,66.67399130781102,65.01369616969268,66.02346774171734,4677300
2022-06-27,65.99433898925781,66.68370075799763,64.60590404443442,65.80014788054939,2790300
2022-06-28,63.965087890625,66.66428888761989,63.93596107468184,66.18852620176911,3083800
2022-06-29,64.09130096435547,64.67385938790599,62.751408441793785,63.780602644619705,3304600
2022-06-30,64.26607513427734,64.8971758299642,62.51839229548912,63.314557275907546,2843200
2022-07-01,68.05271911621094,68.23719883445888,64.80980508414432,64.93602376063109,4592000
2022-07-05,70.39265441894531,70.47033084992897,67.04293796482078,67.04293796482078,4204200
2022-07-06,69.946044921875,70.93639375737463,68.10126993031733,70.71308321759341,3175200
2022-07-07,70.67424011230469,70.97522708324466,69.11103681122228,70.1984848403855,2202700
2022-07-08,71.22766876220703,71.72284682825405,69.95574848676405,69.95574848676405,2011100
2022-07-11,71.1402816772461,71.92674271005099,70.6159841988874,70.71307605015258,2435300
2022-07-12,72.2374267578125,73.27632491642156,70.58683598299561,70.70335062599518,4406500
2022-07-13,71.61603546142578,72.67434910196805,68.95567313930279,69.90719094203884,4012000
2022-07-14,70.52857971191406,71.25677953609349,69.22753291504335,70.7324747737685,3844300
2022-07-15,71.32476043701172,72.21801730905521,69.55766209986771,71.91703035182243,2651500
2022-07-18,70.46062469482422,72.15975785914111,70.08196132510136,71.4024311196954,2772700
2022-07-19,72.12091827392578,72.353940172193,69.85864209733505,71.02376640393636,3543000
2022-07-20,70.95581817626953,72.24716144028022,70.80046526888432,72.24716144028022,6164200
2022-07-21,73.62586975097656,74.08220956137752,68.49934340226396,70.39266026708414,6413500
2022-07-22,75.1405258178711,77.09210378146523,73.9754088469202,74.68418599183153,4016500
2022-07-25,73.16952514648438,74.90749643019105,72.81027720260121,74.32493800284908,2807900
2022-07-26,73.04329681396484,73.5967283576985,72.01410274091374,72.48015386556744,3569400
2022-07-27,75.58714294433594,76.38330781732041,71.7325372199925,73.23748653962956,3937000
2022-07-28,76.03377532958984,76.93674348773948,74.51912193177718,75.67453479210636,2975200
2022-07-29,75.76192474365234,76.11146132670764,74.03366464278633,76.0337848843324,3069800
2022-08-01,75.95610809326172,77.41250790472606,74.82011061051884,75.4803454880213,1718900
2022-08-02,72.0044174194336,75.60657909031514,71.88790275614231,74.73273763471362,3769900
2022-08-03,72.28196716308594,73.07081405030644,71.06460718642435,72.49622370780648,2988200
2022-08-04,74.69718933105469,75.1451842458717,71.7170951187813,72.05795435381681,2528400
2022-08-05,74.35636138916016,74.69722076764755,72.33067218246764,72.78840081794094,2073600
2022-08-08,75.24259185791016,76.5475982616793,74.74590687833447,74.74590687833447,1533300
2022-08-09,72.96369171142578,75.27180908973776,72.79813252437852,75.1354653556781,1818700
2022-08-10,76.3722915649414,77.50200515799911,75.2815418118379,75.32049079144123,2797500
2022-08-11,76.64498901367188,78.23243134124347,76.27491421770206,76.93715841008452,2318700
2022-08-12,77.63835906982422,77.71627189961046,76.20674240075184,76.75211734890269,1815300
2022-08-15,76.76185607910156,78.29086002587833,76.46968669098322,77.26827459764033,1183000
2022-08-16,76.55733489990234,77.33644825798444,75.2425876095425,76.0411754579976,1504600
2022-08-17,74.5121841430664,75.60293411145115,73.68438070486673,75.28155667015317,1779000
2022-08-18,74.82382202148438,75.06729403839913,73.95706223568196,74.71669373962779,1553500
2022-08-19,72.34040832519531,74.11288440541854,71.86320522710585,73.94732520835153,3046000
2022-08-22,70.80166625976562,71.70738254577061,70.61663256188642,71.09383567983575,1954800
2022-08-23,70.95748138427734,71.78528471119006,70.62635559540672,71.01591228753503,1414400
2022-08-24,72.7299575805664,73.73306105164534,69.95437821151891,70.36340939639415,2516400
2022-08-25,74.60955810546875,74.63877355579132,71.96058163364799,72.48648202998083,1469000
2022-08-26,70.90878295898438,74.98937605990012,70.66531095878989,74.69720668759643,2337500
2022-08-29,70.28550720214844,71.49313387849202,69.81804504306716,70.29524816426427,1608800
2022-08-30,70.0517578125,71.32754859965745,69.40898822404884,70.86008656276125,1637100
2022-08-31,69.2921371459961,70.87957201330742,69.15579341163445,70.65558191978883,2104000
2022-09-01,69.46744537353516,69.54535821085342,67.49045356519129,68.54224714827933,2093100
2022-09-02,69.5161361694336,71.15226862212428,68.99997661873438,70.4121189491331,1978500
2022-09-06,68.16242218017578,69.68169258269661,67.47096255993745,69.44795410220041,2040000
2022-09-07,69.23369598388672,69.41873708590046,67.89947414777988,68.16242064469462,2886900
2022-09-08,70.1881103515625,70.22706676456494,67.84104405203031,68.67858092596644,2157100
2022-09-09,71.41522216796875,71.80477892679691,70.18812097822206,70.44133398598694,2025500
2022-09-12,72.12615203857422,72.92474000252444,71.76581818824317,72.03850567395641,2916900
2022-09-13,67.41252899169922,69.99333369468914,67.10088512685888,69.59403604558156,6046900
2022-09-14,67.19827270507812,68.00660153680171,66.00038718323196,67.4807011196626,4502700
2022-09-15,67.80208587646484,69.0291794183501,67.23722904787749,67.51965746217117,3052200
2022-09-16,69.26292419433594,69.5356116729072,67.79235108612494,67.97739220237395,4700400
2022-09-19,71.18147277832031,71.2496520736116,70.0420255627471,70.18811025375865,4490700
2022-09-20,70.0517578125,70.66530452224191,69.35055732698059,70.03228332353562,4023900
2022-09-21,69.4771728515625,71.81450575620325,69.33109558204083,70.52897377317731,4230300
2022-09-22,69.09735107421875,70.04202362914837,68.56171712886464,68.94153285690375,4670500
2022-09-23,69.5550765991211,69.59403300929851,67.95790093272478,68.36693209432434,3507100
2022-09-26,66.4581298828125,69.4382328809308,66.35100158447159,68.90259138922626,3362400
2022-09-27,65.75691986083984,67.68522152759424,65.07520117723678,67.1788029955143,2507100
2022-09-28,69.46744537353516,69.96412299354056,65.9906648826118,66.53603988348539,3354000
2022-09-29,66.57498931884766,68.38642173051522,66.43864558293086,68.26955248679667,2861700
2022-09-30,65.59136199951172,67.18853788789339,65.48423371417836,66.506819190478,2762900
2022-10-03,68.89283752441406,69.37978154197741,66.16595548416491,67.15931801071669,3498800
2022-10-04,71.8631820678711,72.12612850611016,70.3049630649237,70.31469659325435,3965200
2022-10-05,70.90878295898438,71.34703701743992,70.04202323270609,70.55818268429026,2647700
2022-10-06,71.87294006347656,72.26248933392328,70.3439361434274,70.77244182695401,2866900
2022-10-07,70.03229522705078,70.80166026980342,69.2434408316709,70.77244481630349,2669100
2022-10-10,70.32444763183594,71.1425173695017,69.71090090121814,70.67504788652478,2202500
2022-10-11,70.80166625976562,72.0385083838619,69.60378798386752,69.91543189785972,2312400
2022-10-12,69.38951873779297,70.94773802341354,69.04865943002841,70.78217884966728,2482000
2022-10-13,68.8051986694336,69.20448894367783,64.2863582881794,66.58473489608004,3646100
2022-10-14,66.857421875,69.98360189304486,66.47760609721172,69.57457066006931,4712900
2022-10-17,68.14295196533203,69.35057113631699,67.7144388210375,68.25981378273848,2349800
2022-10-18,70.47054290771484,70.78218679984245,69.36031107762422,69.99333982324555,2963600
2022-10-19,66.01985931396484,69.73036970499354,65.74717190036978,69.30186409656191,3921800
2022-10-20,65.3868408203125,67.56834789638674,64.96806867609425,66.35098787600532,2814400
2022-10-21,67.92869567871094,68.09425487418369,64.59800012544879,65.19207246701724,4605800
2022-10-24,69.31159973144531,69.6621999681986,67.50990861101451,68.18189363648747,3073900
2022-10-25,73.4408950805664,73.88888265329328,69.82776418824925,69.91541796887816,3134300
2022-10-26,73.34349060058594,74.90171708336834,72.9831568563365,73.14871600532541,2723200
2022-10-27,73.80123901367188,75.51528414976133,72.90526374510243,73.51881057311002,2858600
2022-10-28,75.94380950927734,76.02171492286034,73.28509129981963,73.52856336393863,1930400
2022-10-31,74.87251281738281,75.35945685674446,73.7330655485189,74.89199473985606,2550500
2022-11-01,75.3497314453125,76.88846912857441,74.38557679375289,76.45022241799437,2289700
2022-11-02,73.20716094970703,76.85924103815401,72.85656066680205,75.23284982200786,3662200
2022-11-03,71.70738220214844,72.87605244665167,70.49002200798485,71.61973583465361,3004000
2022-11-04,73.2168960571289,74.66798701581632,71.36650747420833,73.11950874859106,3109400
2022-11-07,73.168212890625,73.74281075383296,71.49313154016411,73.50907968193697,2538900
2022-11-08,71.3470458984375,73.9083689844435,70.15890120076476,73.31429663560714,4551900
2022-11-09,73.4701156616211,76.56707990690619,71.00618012446265,72.06771451502377,6835500
2022-11-10,81.72869110107422,82.99474865786388,78.33956452749493,79.46927090862907,6633900
2022-11-11,82.70257568359375,83.5498610056093,81.12488171662372,81.67999763651623,3646800
2022-11-14,79.36214447021484,82.28380896465579,79.34266997619646,81.97216504912251,2401100
2022-11-15,81.97216796875,82.27407836311586,79.76144502516092,81.12488999049768,2773000
2022-11-16,80.94957733154297,81.90398345894492,80.24837674722863,81.40729847335957,1813300
2022-11-17,79.45954132080078,79.5374541665632,77.65784948606814,78.86547630485171,2297200
2022-11-18,79.26473999023438,81.04695672948958,78.10581094719267,80.70609743158774,1467100
2022-11-21,78.52459716796875,79.6445700023764,78.232435187369,79.20632331638838,1351400
2022-11-22,80.5015869140625,80.6671460934272,79.17709861879304,79.31344234652585,2060500
2022-11-23,82.29354095458984,82.57596938321491,79.89777722197087,80.5405394769778,2285600
2022-11-25,81.69947814941406,81.98190661089716,81.29044690044286,81.36835973744036,953100
2022-11-28,81.13461303710938,82.02085475060443,80.66715092266197,81.17356945167604,2212600
2022-11-29,82.02085876464844,82.06954871260737,80.53081112788891,80.67688840194242,2293000
2022-11-30,83.75437927246094,83.84202563777285,80.7158456286429,81.6702592663743,5417200
2022-12-01,84.68226623535156,86.635721119229,84.13530125245435,84.96551808773448,2889100
2022-12-02,84.32087707519531,84.56505892184987,82.55299543816602,82.84601663488694,2491400
2022-12-05,82.74834442138672,83.56879183969355,82.50416257758037,82.97298754465899,2172300
2022-12-06,81.95719909667969,83.48089144467247,81.03907296297193,83.13903834760212,2356000
2022-12-07,84.26226043701172,84.46737972652105,82.1623027148259,82.54322576362115,2133800
2022-12-08,83.93018341064453,85.11202263705944,83.32460975707852,83.85204343240922,1855200
2022-12-09,83.3539047241211,84.42831072228122,82.5725273503586,82.76786983083973,2260100
2022-12-12,84.19390106201172,84.3111110356845,82.59206868101144,83.51996420595015,2074900
2022-12-13,85.258544921875,90.29845497958769,85.02413240687056,89.32172747325644,3647400
2022-12-14,85.36597442626953,86.63571554803453,84.58458954223067,85.53201629228028,2508400
2022-12-15,88.3449935913086,88.56964418036175,82.7874195486096,83.266013905658,5031000
2022-12-16,87.29988861083984,87.82732227859469,85.8836369218999,86.80176302338113,5931100
2022-12-19,86.03990173339844,87.58313261016102,85.55153809785365,86.6747759499742,2817200
2022-12-20,85.61014556884766,86.76268403021388,84.65294957815195,85.3073550519195,3319200
2022-12-21,87.66128540039062,88.2570897190362,86.83106858891624,86.95804047006543,3689500
2022-12-22,88.24732208251953,88.2863920740608,85.94224474445748,86.81153156369355,3139500
2022-12-23,87.10455322265625,88.08128066069821,86.41107763586713,87.63198693341958,1990000
2022-12-27,87.19245910644531,87.72966220269454,86.57712347497382,86.71386472641193,1488000
2022-12-28,85.72736358642578,87.56361593115975,85.54179044125294,87.42687468657388,1473000
2022-12-29,87.31941986083984,87.69057354261652,85.23898599625983,85.96176954496275,1536400
2022-12-30,87.06548309326172,87.38780493574733,86.04968566508339,86.39153877748981,1608900
2023-01-03,88.56964111328125,88.98963419422357,87.30966187045432,88.5305711229798,2948500
2023-01-04,89.50729370117188,90.65983227151555,89.15567125924747,89.84914678308773,2521900
2023-01-05,90.16171264648438,90.23008327303624,87.68082391585453,88.32546763920595,2557900
2023-01-06,91.40215301513672,91.89051672119942,90.2593837313913,90.69890808611223,2086600
2023-01-09,90.61099243164062,92.38863589979559,90.30820933956358,91.48028662356444,2269600
2023-01-10,91.40215301513672,91.52912489605106,89.53660008109459,89.95659316638206,1817400
2023-01-11,93.3946762084961,93.64861996591559,91.55842393640607,92.20306759409861,2990000
2023-01-12,93.36536407470703,94.33232951927609,90.8258744478644,93.47280467965915,2820100
2023-01-13,92.75003051757812,93.58024729490239,90.35705143261315,90.73797451223062,2447900
2023-01-17,93.14073181152344,93.26770369951988,92.09563372033051,92.39841685038928,2157600
2023-01-18,92.505859375,95.05511871154062,92.19330687731652,94.26397183186917,2434200
2023-01-19,89.87844848632812,92.01748379164722,89.74170725192619,91.75377068296875,3178100
2023-01-20,92.28120422363281,92.35933674901196,88.72590977861933,90.48402200682169,2558000
2023-01-23,93.45327758789062,93.77559941715171,91.56819341471939,91.63656403439549,3143300
2023-01-24,94.74256134033203,96.62764559084724,93.32630953814513,94.84023259361406,4047100
2023-01-25,93.25794982910156,93.9807261301777,92.68167669917342,93.3263204595839,2784800
2023-01-26,94.55696868896484,95.10394105092794,92.65235341132355,93.81466129717737,2225900
2023-01-27,94.27372741699219,95.0551123347008,93.72676244569946,94.07838491348446,2094000
2023-01-30,92.6230697631836,94.90860851531995,92.5546991368848,93.40444728490706,2667300
2023-01-31,96.39323425292969,96.4225348840831,93.19933132410414,93.54118444062578,4081800
2023-02-01,97.5750732421875,98.522500056096,94.2834990699996,95.7192896063897,2904400
2023-02-02,100.54431915283203,101.71638903125624,98.68853563546156,99.03038872901541,3054200
2023-02-03,97.15506744384766,99.27456393394147,96.90111625483573,97.79970359830803,2655700
2023-02-06,96.13672637939453,96.9004922073477,95.14774391136052,96.53818977612734,3170000
2023-02-07,97.38029479980469,97.91885147114216,95.03024834098967,95.22608305568576,2603600
2023-02-08,95.38274383544922,97.08652952762361,94.7364759177125,96.83193845664117,3255800
2023-02-09,95.6764907836914,97.13547930294644,95.59815392438016,96.85152126151782,2573800
2023-02-10,96.5381851196289,96.72423331460799,95.06940245345297,95.12815884011818,2387200
2023-02-13,98.42802429199219,98.51615514131738,96.22485017686195,96.59694658638888,2534500
2023-02-14,97.10610961914062,98.51614327356106,96.53817856715301,97.37049466465167,2264700
2023-02-15,97.17465209960938,97.92863133078912,95.696083034387,95.91149820125251,2440700
2023-02-16,95.1281509399414,95.94087907401114,94.36438521225732,95.69608198331164,3374900
2023-02-17,92.4157943725586,94.42313349109736,91.21139687792676,94.28604771887284,5028700
2023-02-21,88.38154602050781,91.74016249123095,88.19549783613252,90.04616329238664,4763000
2023-02-22,89.24322509765625,90.0951216465783,88.65571358522672,89.18447618759755,3624000
2023-02-23,90.33992004394531,90.63367206911686,88.68508932753936,89.71324009217552,2140700
2023-02-24,89.2628173828125,89.90907783668403,87.9409070773845,88.30320947177347,2451000
2023-02-27,89.58594512939453,90.83930509316377,89.0865644214211,90.39867329892493,1875300
2023-02-28,90.55534362792969,90.88826408740559,89.40968755883968,89.42927550975848,2058600
2023-03-01,88.99844360351562,91.12328088985636,88.94948118947937,90.15388635098559,1932800
2023-03-02,88.90052032470703,89.37052659744141,87.1967345124686,88.10738007033336,2647700
2023-03-03,90.84909057617188,91.26034787509795,89.33135317186448,90.14407379480488,2743900
2023-03-06,89.55657958984375,90.90785703459144,89.29220198109881,90.02659335836469,2321200
2023-03-07,89.27259826660156,90.79034316657585,88.95925829977892,90.37908586086128,1926400
2023-03-08,91.83808135986328,91.87724979251931,89.40969082949178,89.91887298340556,3209400
2023-03-09,92.96414947509766,94.57001786015948,92.09267239310489,92.19058973939116,4928600
2023-03-10,92.1416244506836,95.33378064001215,91.09389318988072,93.22852414289954,4655900
2023-03-13,93.60061645507812,95.04981858785044,90.57492785636592,90.59450833748062,4478900
2023-03-14,95.49044799804688,96.58714167843746,94.41334226889632,94.52105358887282,3234500
2023-03-15,94.27625274658203,96.92985226745871,93.20894103546138,95.26523506769863,3824800
2023-03-16,96.03881072998047,96.69486523788729,93.15020014683381,93.89438550524709,3401800
2023-03-17,95.41212463378906,96.36193862235405,94.56022799576773,96.36193862235405,3042600
2023-03-20,94.61898040771484,96.15630602695403,94.30564039202964,95.04982573076272,2847700
2023-03-21,94.82461547851562,95.8723543975075,93.96293224500585,95.16733744708324,3985000
2023-03-22,93.71812438964844,95.84296150455674,93.64958149789705,94.20771860804841,4690200
2023-03-23,94.27625274658203,97.3313230751667,93.69853520840427,94.90293269029978,3458200
2023-03-24,94.91273498535156,95.47087209260683,92.71935499007307,94.10000679407719,2825300
2023-03-27,93.30686950683594,95.53941800648585,93.15019576690922,95.17711558586664,2466000
2023-03-28,93.70833587646484,94.6581499108309,93.39499585724654,93.54187562545223,2219200
2023-03-29,93.76708221435547,94.58959687514981,92.91518562657743,94.52105398675029,2370300
2023-03-30,93.24812316894531,94.17834924599144,93.11102990740984,94.05105743174137,1814800
2023-03-31,95.65691375732422,95.88212289770635,93.1306059829441,93.20894284508327,5522800
2023-04-03,96.07797241210938,96.43048084812146,95.2848246957747,95.29461867194584,3955900
2023-04-04,95.38274383544922,96.38151269758883,94.70710146156347,95.80378766773804,3109900
2023-04-05,95.36317443847656,96.22485769249656,94.49169720696317,95.48067975654943,3495000
2023-04-06,93.64958190917969,95.12815854701326,92.2591361157649,95.07919613671227,3569600
2023-04-10,94.2175064086914,94.68751264400441,93.22852406057426,93.34602935470971,2669900
2023-04-11,97.69361114501953,98.28113008792577,95.11834866498677,95.6569052057796,4353000
2023-04-12,96.80256652832031,99.06448935823596,96.55776942653327,98.44760335115387,2790800
2023-04-13,95.94088745117188,97.55654241436928,95.80379419544457,97.1452850590323,3100100
2023-04-14,96.20526123046875,96.6165185694988,95.3044096867035,95.53941281320428,3120300
2023-04-17,97.40966033935547,97.44882129921264,95.8821214334274,96.10733804098446,3003000
2023-04-18,100.05348205566406,100.23953026279848,98.11468552257112,98.1930223961662,3370800
2023-04-19,99.74012756347656,100.40597595121497,98.41822476343228,99.40719963430017,3775800
2023-04-20,105.36067199707031,108.07302809112205,104.54794381938588,105.26275464965869,9072600
2023-04-21,104.36190032958984,106.4671568608096,103.86251215925061,105.44880003941459,3736000
2023-04-24,106.25174713134766,106.28112159129928,103.74501946998815,104.28357613781931,2785400
2023-04-25,105.95796966552734,106.8882030734471,105.46837549418458,106.37902095170669,2710100
2023-04-26,103.86251831054688,105.55651761151596,103.4022985449986,104.96899856661987,2519600
2023-04-27,106.08527374267578,106.12444217739163,104.42065635563502,104.60670455288152,2563300
2023-04-28,107.53447723388672,107.67156302172812,105.93840272081027,106.37903454306976,1988300
2023-05-01,106.1635971069336,107.98488800114959,105.7523398006562,107.35820806664667,2357600
2023-05-02,106.56600189208984,107.01746866755137,104.65216704215723,106.38934032883269,2197800
2023-05-03,107.59652709960938,109.18648125258753,106.5856332352868,106.60526645883762,2654300
2023-05-04,105.23123931884766,108.04800055352638,105.16253800795016,107.17450924873764,3659300
2023-05-05,106.11454772949219,106.26175947647049,105.16253849699869,105.56492975187496,2456300
2023-05-08,106.48749542236328,106.654340392293,105.09383598904228,105.35882461846704,3125800
2023-05-09,106.9684066772461,107.76338755675498,106.12435771097535,106.47768088233899,2225300
2023-05-10,106.75247955322266,107.45912585241885,105.86917916710834,107.11561931472096,1442300
2023-05-11,107.12543487548828,107.5082003691503,106.41878858322582,106.96839903814957,1780900
2023-05-12,106.57581329345703,107.6946748765876,105.58455268365807,107.00765434351162,1868800
2023-05-15,107.76337432861328,108.26390918670242,106.01638442336963,106.97821015798961,2008000
2023-05-16,109.72627258300781,109.97163543986795,106.35007727649061,107.0174645466654,2517700
2023-05-17,110.20718383789062,110.78623659720539,109.36313499477936,110.05996462332372,2356000
2023-05-18,110.39366912841797,110.74698478313229,109.43184335404669,110.20719094541478,2809600
2023-05-19,108.14614868164062,110.61940329276754,107.53764602505396,110.61940329276754,2305800
2023-05-22,106.07527923583984,108.96074153554954,105.83972548607854,107.86152065485277,3121600
2023-05-23,103.9259033203125,105.86918067070118,103.07203778201003,105.2017933217464,4295700
2023-05-24,104.46569061279297,105.7121306104517,104.10255089498246,104.64235216633863,2731000
2023-05-25,104.81902313232422,105.97713620114529,104.16144493692903,105.6238130623266,3213100
2023-05-26,104.7306900024414,104.79939130880256,103.26832934539354,104.30866555254266,3005400
2023-05-30,105.39807891845703,106.37953044576392,104.62273131333887,104.76013392813137,2900000
2023-05-31,104.8582763671875,105.43733665528097,103.41554892859843,105.01531220391821,5763000
2023-06-01,106.46785736083984,106.5365586633216,105.29011111959201,105.3980713789034,1914100
2023-06-02,109.94219207763672,110.05015234003936,106.53656171380622,106.84080927809698,2361100
2023-06-05,109.35332489013672,109.8734929897264,107.8615218972025,109.49072750180642,1541600
2023-06-06,113.13190460205078,113.46560198655172,109.48091152190585,109.48091152190585,2404100
2023-06-07,111.83639526367188,114.10355331706202,111.74806822298586,113.09265947162501,2057600
2023-06-08,111.16902160644531,112.96507986658128,110.75681372349392,111.68919725441533,1714500
2023-06-09,111.8952865600586,112.60193283147872,110.42310932389354,111.20826602378652,1761900
2023-06-12,113.90725708007812,114.57464439013803,111.31622575581744,112.01305541239931,2266500
2023-06-13,113.6324462890625,115.2125837032101,113.50486029776445,114.36853486753324,2279000
2023-06-14,111.49288940429688,114.61390548786102,111.18864183404916,114.08392077692966,2845600
2023-06-15,113.26933288574219,113.98578836138601,112.0915864716038,113.11229703537114,3364800
2023-06-16,114.24095153808594,115.77201342085765,113.72078346190737,114.21150919232193,6318600
2023-06-20,116.1253433227539,117.19512937118718,114.9181546608163,115.02611492683839,2446700
2023-06-21,116.75346374511719,117.39140868602195,114.45687094331646,114.66297484953856,2430800
2023-06-22,117.41104125976562,117.41104125976562,115.72295095505824,116.49829105739555,2997900
2023-06-23,118.1667709350586,118.71638142004116,117.11661805103475,117.25402067228039,5206900
2023-06-26,117.66622161865234,119.55060673171151,116.93013298187479,118.3139832131994,2294600
2023-06-27,120.76761627197266,121.48407171055183,117.90177205401265,117.90177205401265,4029300
2023-06-28,119.9333724975586,121.74906379605898,119.472096573945,120.7283533188519,3177800
2023-06-29,118.10786437988281,119.35431191967271,117.2245640615893,119.10894905617332,3894000
2023-06-30,119.43283081054688,120.04132592476199,117.66621518374079,118.79488586265133,4423500
2023-07-03,117.94102478027344,119.76652516655444,117.51900033639383,119.34450072267484,1472900
2023-07-05,117.07734680175781,119.72726277666743,116.7240236733858,119.72726277666743,2347100
2023-07-06,112.72952270507812,115.12426682102202,112.08176110471393,115.12426682102202,4879100
2023-07-07,113.24968719482422,114.03485138449146,112.08175752186138,112.46452300515698,3251400
2023-07-10,116.97920989990234,117.04791120727748,113.12210509925566,113.3282090213811,2157400
2023-07-11,117.19512939453125,117.73492323686841,116.7829140660553,116.88105772030924,2984200
2023-07-12,121.41536712646484,121.44480947412171,117.93121870925249,118.35323567617546,3015600
2023-07-13,124.1143569946289,124.18305830077966,121.91590770992356,122.671622077582,3333900
2023-07-14,127.89295959472656,128.03036222398794,124.33029287108087,124.87990338812637,4269500
2023-07-17,125.67487335205078,127.5788917457704,125.20377331570947,126.97038160425704,2969100
2023-07-18,125.50801849365234,127.30408407184018,125.37061587899419,126.13615435936502,2410800
2023-07-19,125.47856140136719,125.79262555337849,124.34989078111786,125.57670504489322,2633000
2023-07-20,123.09366607666016,129.84605832681734,120.2278290108005,129.32589014221946,6715900
2023-07-21,125.21357727050781,126.4698339232541,123.859169482863,124.08490661009722,3614500
2023-07-24,127.5984878540039,127.66719663860852,125.37059652774353,125.9202143894222,3409800
2023-07-25,128.57012939453125,129.4730628573101,127.06850999737343,127.67700505417324,3375100
2023-07-26,126.25392150878906,128.91366168730474,125.42950583547675,128.0794219144158,3108500
2023-07-27,124.69342041015625,127.26481863741114,124.10454349935559,126.99001340590733,2979900
2023-07-28,125.18415069580078,126.32263811070312,124.77193534578508,126.21467783901821,2815900
2023-07-31,124.66397857666016,125.83191586128467,122.59312259550241,125.69451323671272,2595000
2023-08-01,125.54727172851562,125.95947955369411,123.9573251205756,124.26157268374821,1759200
2023-08-02,123.40771484375,125.03692799830344,122.28886068445372,124.69342145604247,2400900
2023-08-03,120.86575317382812,122.81883955335424,119.53097854085775,122.67162033144649,3252900
2023-08-04,123.62923431396484,124.44549786976623,121.39681088765496,121.63283628222105,2436700
2023-08-07,125.37979125976562,125.68466526094764,123.50140936391948,123.50140936391948,2025600
2023-08-08,125.41911315917969,125.79282817411496,123.4522173015826,125.19292433729888,1888000
2023-08-09,123.97344970703125,125.83216578522244,123.90460864869502,124.89789320735734,1869000
2023-08-10,121.40664672851562,125.96001555034388,120.23634876721843,124.89788996095258,2444800
2023-08-11,120.97393798828125,122.83265406819811,120.68873717401985,121.4066499968911,1793600
2023-08-14,121.23946380615234,121.53450119660886,119.86263515587612,120.85591970042638,2547600
2023-08-15,124.74052429199219,125.80264979287277,121.10177017240832,124.39631903794157,4224900
2023-08-16,120.65921783447266,124.70118905524151,120.54120139260739,124.53399722015449,2966800
2023-08-17,114.57168579101562,121.72134906218423,114.29632156643649,121.26896390707388,4824700
2023-08-18,115.3682861328125,115.8403444891326,113.38172441126608,113.7554319619811,3251700
2023-08-21,114.02095031738281,115.75181319470786,112.44742769710632,115.06340267567084,3430800
2023-08-22,115.1912612915039,115.91901821218224,114.43400963449974,114.60119399339365,2412700
2023-08-23,115.9091796875,116.96146872746847,114.54218759360953,115.6043132142635,2518200
2023-08-24,114.76836395263672,116.65658957403728,114.62085277395153,115.67314169953958,1749800
2023-08-25,113.03751373291016,115.18143063912107,110.63789824987242,115.18143063912107,3535900
2023-08-28,113.70625305175781,114.18814043948532,112.51628194967262,113.50955896270717,1911700
2023-08-29,115.28960418701172,115.81083038964769,112.39826487051816,113.5095583307965,3003100
2023-08-30,117.03031158447266,118.4563081781644,114.73887595186154,115.45679629068214,2974500
2023-08-31,117.04997253417969,117.36467558027746,116.20421419407077,117.03030687641028,2925100
2023-09-01,118.1907730102539,118.97753435871219,117.24666389397133,117.24666389397133,1844100
2023-09-05,112.388427734375,117.88590553996552,112.00488364364917,117.77772566790314,3266200
2023-09-06,113.71607971191406,114.20780366942091,112.54578179516402,113.08667364655427,2783500
2023-09-07,115.17159271240234,115.81083539544225,112.58512724466486,113.59807745630516,2604200
2023-09-08,115.3682861328125,116.48941628807059,114.50285456652418,115.23060400870102,1575300
2023-09-11,115.92884063720703,117.76789098884217,115.17158902365864,115.5649697008618,1417300
2023-09-12,112.74247741699219,116.46974621413251,112.52611765784279,115.42729374162653,2673900
2023-09-13,111.97537994384766,113.57839734047948,110.82474768669881,113.02766891034578,2100000
2023-09-14,113.29320526123047,113.77510017778249,111.85737209855526,113.11618432319584,2761800
2023-09-15,110.51004791259766,111.44432045599011,108.59231992436929,111.44432045599011,5870700
2023-09-18,111.31646728515625,111.7688524069289,109.59543350525273,110.51986940491344,2113300
2023-09-19,111.7098617553711,112.38844331911264,110.55922932363714,111.32631761145979,2015800
2023-09-20,111.32630157470703,113.85376242970796,111.11977841182123,112.76214214105786,3550200
2023-09-21,107.2449951171875,109.63477378358195,106.20253525447625,109.28073194388558,4799400
2023-09-22,107.49085998535156,108.67099448073002,106.74343746995206,108.19893618071136,2160800
2023-09-25,106.37954711914062,107.70720015343421,106.14352174713785,106.68442104038513,1793200
2023-09-26,105.68131256103516,107.00896575213896,105.57313268960849,105.84849690665376,2046400
2023-09-27,105.23876953125,107.24500429348663,104.83555226144034,106.58608845021504,1565600
2023-09-28,107.11714935302734,107.53019569297614,104.90439145644277,105.05191015017088,2161500
2023-09-29,105.691162109375,108.66117189021244,105.19943808914202,108.05143890711592,2121400
2023-10-02,104.42250061035156,106.28121658183295,103.17352505135186,104.49134166473561,3100900
2023-10-03,101.14762115478516,104.18647925188453,100.27235307089887,103.72425751032634,4537100
2023-10-04,102.6424560546875,103.06533893545807,101.09844321152269,101.91469923459096,3115800
2023-10-05,102.07205963134766,103.72425242273368,101.58033567561505,102.24908055553587,2540400
2023-10-06,102.57361602783203,103.22268772158827,100.50836949460592,100.97059119484011,2193900
2023-10-09,104.35365295410156,104.37331860991907,101.19678622601519,101.59999594672374,1659800
2023-10-10,105.42560577392578,107.40233803933147,104.28481017760353,104.28481017760353,3249200
2023-10-11,106.87128448486328,107.47118832091076,105.46495364835872,106.25171499163442,1974500
2023-10-12,100.6559066772461,105.4256282314614,100.00683486418598,105.32728492682965,3818300
2023-10-13,101.94422912597656,102.85882861542245,100.88210342433761,100.97061014791758,2250000
2023-10-16,102.78997039794922,103.75375263373613,101.47215382381069,103.53739289694037,2256200
2023-10-17,103.19319152832031,104.58968578727068,102.08189806925907,102.10156372647697,1972800
2023-10-18,100.74440002441406,102.77030019179243,100.71489778945016,102.27857626742978,1788900
2023-10-19,99.56427001953125,101.70818688645225,99.14138709384596,101.0591151302333,2511100
2023-10-20,98.99388122558594,100.45921667349135,98.46281839478313,99.70195749687674,2135800
2023-10-23,100.42970275878906,101.40331408385866,98.66933010848194,99.00369879468505,2290300
2023-10-24,100.0756607055664,100.71490334310953,98.42346792847762,99.81996214992675,2194000
2023-10-25,98.99388122558594,99.94781950170511,98.6300027573193,99.61345077663275,1649200
2023-10-26,99.96749114990234,101.60984751653645,99.14139092457098,99.8199724486168,2382600
2023-10-27,100.01665496826172,101.03944175150923,99.42658769030307,100.29202670088078,2065700
2023-10-30,100.43952941894531,101.54099374715335,99.26923154228065,100.76406902053053,1871700
2023-10-31,102.6719741821289,103.04568172640072,100.53789379208224,100.84276027548522,1904000
2023-11-01,107.49085998535156,107.73672196381474,101.93437777146103,102.84898463146858,3186000
2023-11-02,112.142578125,114.07013537141216,109.74296252086242,110.39204182484575,4602300
2023-11-03,116.89262390136719,118.79067874440905,115.30927210210423,115.30927210210423,4074900
2023-11-06,115.771484375,116.45989488226829,114.29631257104354,114.87654321243943,3634500
2023-11-07,119.16438293457031,120.25601072848275,116.1156958763128,116.83361616090228,4306900
2023-11-08,119.79379272460938,121.69184757355924,118.99720228387035,119.95114799854483,2581700
2023-11-09,118.68250274658203,121.25913916008011,118.11210111637737,120.01999260211097,2276300
2023-11-10,120.66905212402344,121.1607760650392,118.17110110640184,119.52825648248506,2374600
2023-11-13,120.29534149169922,121.12144159267254,119.15454587992198,119.73477651368978,2045900
2023-11-14,126.76644897460938,128.62516520839227,124.72088271147997,124.83889917984087,3968800
2023-11-15,125.78298950195312,127.6318688762237,125.62563423446858,126.14686793067702,2534100
2023-11-16,125.51744842529297,127.07130535729333,125.25192080286577,126.08785749138082,2364400
2023-11-17,125.94034576416016,126.67793174826032,125.37978071636853,126.06819880339627,1938700
2023-11-20,126.57122802734375,126.65009041427805,124.89544366901099,125.41790134190244,1977500
2023-11-21,124.9447250366211,126.36421781053484,124.68842605894655,126.09805915506072,2312900
2023-11-22,125.21088409423828,126.83738508047821,124.74758449857113,125.91077836841285,1227900
2023-11-24,125.6643295288086,125.83190644565119,124.86586109310889,124.97429498535539,669800
2023-11-27,124.4715576171875,125.41789114197395,124.21526616159129,124.79685929628718,1716500
2023-11-28,124.16596984863281,125.06301246607394,123.49565468506336,124.3039752481268,1479500
2023-11-29,125.44746398925781,126.08820767652703,124.8067203019886,125.48689517993768,2984100
2023-11-30,125.85161590576172,125.95019011847218,123.64352195397986,125.19116040779822,2428200
2023-12-01,128.99618530273438,129.390482158536,125.83190565432449,126.17691916351613,2897400
2023-12-04,128.63145446777344,129.80449282821766,127.50769193110519,128.20757107649442,2153600
2023-12-05,128.86802673339844,129.19332839465648,127.78370290399855,128.71031702246808,1926400
2023-12-06,131.70700073242188,133.0969217900509,130.11993127206634,130.41566139688555,3113400
2023-12-07,134.39813232421875,134.65443882139257,132.22946950402942,132.25904101655547,3864300
2023-12-08,136.48794555664062,136.89209456832512,134.05312412237012,134.21083383942366,2899100
2023-12-11,136.92166137695312,138.20314867330566,135.29516810484515,135.9063327212682,4111900
2023-12-12,137.80885314941406,138.29186452838115,136.8526675066345,137.13853046307662,2687600
2023-12-13,142.1166229248047,142.57993004213287,137.39485224918909,139.37621893460852,3971700
2023-12-14,150.9490203857422,151.44189903647188,144.06842359170258,144.51202641052947,5732400
2023-12-15,147.9720001220703,152.43747861915634,147.439697901854,149.12533413375547,7537500
2023-12-18,146.48353576660156,148.1100292391656,144.85702725257534,147.89316143729545,4054200
2023-12-19,148.1001739501953,148.69161927250377,146.5229563411157,147.37070817374016,2818500
2023-12-20,147.26226806640625,149.83509496984962,146.99610940978488,147.87343271946304,2145500
2023-12-21,148.1888885498047,149.6675244183422,147.0454065348515,148.8493440994427,1912000
2023-12-22,147.804443359375,149.17464532490547,146.83840547325397,149.17464532490547,1413900
2023-12-26,148.5634765625,149.26335576226893,147.942444703483,148.17903185012315,971300
2023-12-27,149.5886688232422,150.3575583064631,148.16917591838433,148.8296314979991,1211000
2023-12-28,149.81539916992188,150.51529351287232,148.9479429224246,149.58867918902112,1187400
2023-12-29,149.81539916992188,150.58428870642314,148.85921332862554,149.3028161732301,1478900
2024-01-02,147.74530029296875,149.41123243913222,145.9314955355794,147.76500460796274,1898200
2024-01-03,145.8427734375,146.92711236446206,144.09797899737416,145.65547716452826,3083500
2024-01-04,145.58648681640625,147.68615451675373,145.11332756050453,145.40904269452963,1926800
2024-01-05,146.5131072998047,148.02131471388932,144.48244973791097,144.91617030024398,2138700
2024-01-08,150.11111450195312,150.2688392736642,147.8734413078709,148.16917149446368,1912300
2024-01-09,149.59849548339844,150.76169670941218,148.70146793350665,148.84932548528553,1593100
2024-01-10,152.31919860839844,154.5470043463121,151.31372210656997,151.99389694482275,2211000
2024-01-11,152.77264404296875,153.10781291677196,150.44625648892418,151.09685983979634,2287300
2024-01-12,151.7277374267578,153.0683677409627,150.80112330704054,153.0683677409627,1410600
2024-01-16,150.8109893798828,151.61930240838734,150.0026613099181,150.82084153629938,1645900
2024-01-17,149.79566955566406,150.83070257437922,148.89862690074727,149.5886539270444,1863600
2024-01-18,150.3575439453125,152.04319536919465,148.64232100885883,151.58974044066284,2135400
2024-01-19,153.08810424804688,153.22610966167215,150.15055184861652,150.94901281612428,2175800
2024-01-22,155.4539031982422,155.68062313645882,152.80221399582166,153.4330979849824,3323500
2024-01-23,141.0914306640625,148.84933489464154,139.49449379660203,146.38494193280974,11109900
2024-01-24,137.22726440429688,143.16151183083494,136.85267186055958,142.60949021361847,4937900
2024-01-25,139.55364990234375,139.68178810636573,137.03009891004655,138.13415716963306,3909900
2024-01-26,138.49888610839844,139.58322504113406,137.72014454140552,138.64674367128916,3806900
2024-01-29,138.20314025878906,139.09033065984426,137.8186955974363,138.9917489347961,4557200
2024-01-30,141.21958923339844,141.91948355372452,138.6270576919082,138.8932013403114,3537000
2024-01-31,140.8745574951172,143.45723640712546,140.10566812373366,140.5788273427096,3234300
2024-02-01,145.2316131591797,145.32032769910933,141.8603252687001,143.02351156945264,3159100
2024-02-02,144.79788208007812,146.20752277137,141.45616559894617,142.57992826406678,2438100
2024-02-05,143.45448303222656,144.01752171862708,141.71600537922592,142.23952464610232,1932400
2024-02-06,141.28140258789062,143.84962262688103,139.7207168807804,143.5532872266522,2345800
2024-02-07,142.87171936035156,144.65958899755813,142.14076072103606,142.14076072103606,1635300
2024-02-08,142.8124542236328,144.10643654484176,141.24189621875684,143.25694978150884,1963400
2024-02-09,143.138427734375,143.53353156433295,141.1925104737299,142.33833268175093,1875300
2024-02-12,146.46722412109375,147.55378226665997,143.10879633483552,143.70145208239842,1988500
2024-02-13,140.6294708251953,142.4568599400621,138.53539340925752,140.1751029307629,2771200
2024-02-14,143.72120666503906,144.52130169264612,141.18261866658747,142.44698404185826,1803000
2024-02-15,143.6026611328125,144.65957200656405,142.68402301344676,144.46202012170087,1696300
2024-02-16,139.54293823242188,142.2494313057527,139.47378676768182,141.55799201958226,1815100
2024-02-20,141.7160186767578,141.78515505904863,137.99210432991362,138.30819942679676,2151400
2024-02-21,142.2296600341797,144.51141678745776,141.12334231119397,143.7014344379904,1677100
2024-02-22,143.35574340820312,144.9263015241398,143.1779361291326,143.56316764949906,1752700
2024-02-23,144.31387329101562,145.74614342872337,143.82985831703763,143.82985831703763,1266500
2024-02-26,144.07681274414062,145.78565868848324,144.02742099661148,144.61020442961774,1329100
2024-02-27,143.66192626953125,145.08432396681258,142.9605997399229,144.6497007735052,1352200
2024-02-28,144.19532775878906,145.0349421736447,143.16804883599232,143.90887976477887,1476500
2024-02-29,147.613037109375,147.80071669299366,145.06457685905445,145.37078457032945,3780800
2024-03-01,151.09988403320312,151.21841216386204,146.56600216856577,147.67230491403427,1988600
2024-03-04,150.60598754882812,154.17185429389932,150.03307649847878,152.68032014242945,2505300
2024-03-05,149.27249145507812,153.11493401339922,148.4921561595245,150.38868156667138,2552100
2024-03-06,150.02320861816406,151.07024726548536,148.8181224200883,150.566472581486,2364600
2024-03-07,153.40139770507812,155.3275551519733,151.65303245070672,151.76168825910818,2985400
2024-03-08,151.7024383544922,154.37929931785794,150.6455122039136,153.85577993912602,1941500
2024-03-11,150.8430633544922,151.6629029956378,149.0453063769343,151.35669528615674,2458000
2024-03-12,152.72970581054688,153.56932026033857,149.70711790688793,150.68502019958413,1773900
2024-03-13,153.30264282226562,155.42636764234666,152.70009960365155,153.1643549559729,2396600
2024-03-14,148.48226928710938,153.53966987716666,146.98084783484512,152.3444561067194,5424700
2024-03-15,149.83554077148438,151.08013141860886,147.28708033687647,147.28708033687647,7783700
2024-03-18,149.65771484375,151.7814391440426,148.06739723449562,149.57869107203163,2476700
2024-03-19,154.18173217773438,154.69537918490255,149.21322719446133,149.54906693781416,2918400
2024-03-20,156.6412811279297,156.86846504140985,153.322358223913,154.18171721090857,1738800
2024-03-21,159.42681884765625,160.76032062366284,158.4390442201683,158.49832335850311,2398100
2024-03-22,159.84169006347656,160.7603131898845,159.23914696568156,159.99972254166104,1673500
2024-03-25,157.82662963867188,160.0491225626925,157.72784614648415,159.07122025011532,1621100
2024-03-26,157.32284545898438,159.36753079253796,157.1647979250379,158.4489077619287,1391000
2024-03-27,160.06886291503906,160.15775900390906,158.05379446719516,158.4785453455344,1210800
2024-03-28,162.53831481933594,163.1902496781892,160.118270043314,160.34545398300733,1740500
2024-04-01,159.90097045898438,163.72365365792413,159.52561125643888,162.31114309633753,1966400
2024-04-02,153.74710083007812,155.53498540476664,152.40372685533998,154.97194668335928,2425500
2024-04-03,155.8905792236328,156.2362912561719,152.42348107352444,152.61116064056358,1646800
2024-04-04,154.2212371826172,159.07119851247634,153.9644061669239,158.03404734745953,1769600
2024-04-05,156.58204650878906,156.73020668190503,153.83603410390634,154.2212656262533,1640000
2024-04-08,154.82379150390625,157.25370850527457,153.70760141686054,156.66105280671235,1513000
2024-04-09,156.43386840820312,157.0462989478105,154.03358321406154,156.50301986922543,1756500
2024-04-10,146.43759155273438,150.83318572148718,146.35856777223213,149.2033635813328,3526000
2024-04-11,148.8477783203125,149.94420888709323,147.03027641192264,147.4056205648478,2932900
2024-04-12,149.8553009033203,149.89480525809137,147.1487928980226,147.65255255064116,2833100
2024-04-15,147.24757385253906,151.51475248970948,146.70429478227854,149.24286778732136,2736400
2024-04-16,144.26449584960938,145.5486059553677,142.3482105479425,145.400430709177,3085800
2024-04-17,143.95826721191406,146.3881841453656,143.18780427474715,145.4991930862479,3183300
2024-04-18,144.09657287597656,152.37411431510694,143.80023746218657,151.12952366388325,5503900
2024-04-19,140.45166015625,145.03493328523572,139.74046130242093,144.333606750511,3393600
2024-04-22,141.32090759277344,142.4272102303467,139.4737589941015,141.69625166066837,3108800
2024-04-23,146.22027587890625,147.32657863083932,141.7258983408113,142.78282441951097,2337600
2024-04-24,144.33360290527344,148.11678099097333,143.21742798650155,145.80539231372876,2474200
2024-04-25,142.43710327148438,143.05940613177438,138.28845270478973,141.13324855497814,2261800
2024-04-26,143.55328369140625,146.04247989088526,142.9705002977298,143.15816481008343,2057400
2024-04-29,144.18545532226562,145.63748514729042,142.8322089832299,144.76823870176707,1615000
2024-04-30,140.7480010986328,143.63230097684735,140.47142543032757,142.47660656166246,2453600
2024-05-01,141.03504943847656,144.72723290027864,139.560169787513,140.85688213998847,1957400
2024-05-02,143.98483276367188,144.14319865417752,140.4015345062131,142.40105302627146,1779900
2024-05-03,146.97421264648438,151.98289515299604,146.94451809439397,148.4788020699255,3134100
2024-05-06,149.72601318359375,149.79531053867498,147.637410838784,148.68667368972945,1548200
2024-05-07,149.86459350585938,151.57705984455686,149.74581530120312,150.9138563618189,2545000
2024-05-08,146.24171447753906,149.47854121303163,146.21201992796892,148.46889631956012,2850000
2024-05-09,147.98387145996094,148.50849534778303,146.54857940640903,146.93462368431673,4055000
2024-05-10,148.4490966796875,148.98361368233486,147.49882577003876,148.01355647543363,2085600
2024-05-13,145.37063598632812,149.33996357272153,145.23205638516845,149.33996357272153,2845300
2024-05-14,146.49908447265625,146.8752356039209,144.9252127982248,146.24172665360635,1914100
2024-05-15,155.98191833496094,156.13039108175818,149.76560760166018,150.24073549545471,4305000
2024-05-16,149.43896484375,155.47710878148035,149.12220281893053,154.9920725949923,2482300
2024-05-17,149.96359252929688,150.76537565686573,149.06281749045374,150.76537565686573,1490500
2024-05-20,148.27093505859375,150.3892321728868,147.90469215552002,150.0229892698131,1390800
2024-05-21,147.86509704589844,148.4293086492939,146.87523834853198,148.31053043890435,1622300
2024-05-22,143.1236572265625,147.73640211696048,142.6188347572871,146.99400813647324,3094400
2024-05-23,141.3716278076172,143.86606087476696,140.84698879709677,143.64829075086647,1906800
2024-05-24,143.15333557128906,143.41070845530948,141.92592066242554,142.509933569323,1102400
2024-05-28,141.40130615234375,143.99473083455632,140.3817530091513,143.35132879026563,1341000
2024-05-29,139.94622802734375,140.53024103615766,138.995957028287,139.52058093166835,1850300
2024-05-30,144.01454162597656,144.28179258879155,140.99546969751086,141.20333155747807,1809100
2024-05-31,146.30111694335938,146.57827616736537,143.6185932561039,145.03409903246197,4213600
2024-06-03,145.43992614746094,146.55847127027445,144.7668295063642,146.30111345527473,1911800
2024-06-04,142.41094970703125,145.08357996819655,141.26272522817845,144.50946017674846,2448300
2024-06-05,144.60845947265625,144.6777568342885,141.52010504204097,143.52951707273562,1557900
2024-06-06,142.24267578125,145.0736719412495,141.9754097339094,144.31147660093026,1570600
2024-06-07,138.79798889160156,140.25308239698992,136.67969186602286,137.59036006258475,2866300
2024-06-10,140.77767944335938,140.99544952534123,137.35276233004296,137.6695243053047,1602700
2024-06-11,138.14466857910156,139.91652399267144,137.87740251872208,139.91652399267144,1813100
2024-06-12,142.27236938476562,148.3600087103619,141.53988370261413,143.50969260898722,3222700
2024-06-13,142.005126953125,142.62872762475354,139.80763956689609,141.5794798843827,1712200
2024-06-14,141.33201599121094,141.64877800725282,138.3525469100326,139.9660062291077,1843300
2024-06-17,141.80714416503906,142.1931884327534,139.35229895249765,140.70840046399908,2393900
2024-06-18,137.98629760742188,140.61932539097555,136.92715664585484,140.22338795009998,2705800
2024-06-20,139.7185516357422,140.51044162886362,137.94671118097327,138.3129540723732,2821100
2024-06-21,140.94598388671875,141.33202818705473,137.94671314471324,139.98581971079798,3460100
2024-06-24,142.58914184570312,143.86605286104205,140.37185302770038,140.64901224194517,1907500
2024-06-25,139.0157470703125,142.53964134240834,137.7586223932298,142.3812603381685,1931400
2024-06-26,138.89697265625,139.44138282909685,138.1545786706832,138.19416637080062,1630900
2024-06-27,139.76803588867188,139.99569914501532,137.58045676910405,138.9860542147736,1405600
2024-06-28,139.5007781982422,140.9855662360785,138.33275219175252,140.27288187363845,2792000
2024-07-01,135.63043212890625,140.3223523137627,135.55124162694514,140.09468906065192,2477900
2024-07-02,133.83880615234375,134.23474360456933,131.67101310690143,132.64107043768607,3632800
2024-07-03,134.6504669189453,136.37282635582363,133.0666870847553,133.07659533754696,1616800
2024-07-05,134.1852264404297,135.42254966314542,133.31414605834397,134.88803267671125,1657100
2024-07-08,134.79893493652344,136.39260786349476,133.67049675310574,135.23447513083264,1666000
2024-07-09,134.6207733154297,136.2936368122464,133.92787529711495,134.6207733154297,1721800
2024-07-10,138.17434692382812,138.89695451698935,135.3631523572474,135.58092243956418,2926300
2024-07-11,148.21153259277344,149.04302534434038,142.26248749727242,142.5792344136429,4564700
2024-07-12,152.18087768554688,153.77455075178375,149.33007987661512,149.36966757771933,4024000
2024-07-15,150.61688232421875,153.21030692173488,150.13184619168814,152.40852390366572,2547300
2024-07-16,160.6144561767578,160.99060729017887,152.81438042803285,153.3290960417159,3237700
2024-07-17,155.9126434326172,160.57488470590056,155.49690457768196,158.7832428177111,4137400
2024-07-18,171.66127014160156,175.67020034159395,163.89088948635018,165.53404322146145,9608600
2024-07-19,172.07704162597656,175.2643880120962,169.3945328693891,171.9879579633694,4125200
2024-07-22,175.36337280273438,176.20474364435498,170.28539278383408,172.76993271009525,3653700
2024-07-23,174.76943969726562,176.89764484343092,173.04709532399096,175.0070112091854,3051100
2024-07-24,169.3351287841797,175.15548745375395,169.21633547383095,173.99735463015432,3280400
2024-07-25,170.94859313964844,174.79914284853922,168.60263287218845,170.53285430136722,2838500
2024-07-26,175.1455841064453,178.32302177242778,173.77957439730685,175.75929160867565,3353900
2024-07-29,176.8976287841797,177.9765709827831,174.4130741477115,176.09583066825644,1527700
2024-07-30,178.61009216308594,179.53065343156754,175.44254759362315,177.90728589571512,2011200
2024-07-31,178.10525512695312,183.54947756386147,176.0859501779519,179.52076081465214,3137100
2024-08-01,177.5301971435547,181.6548900095956,175.7851266306228,179.8800753519451,2815400
2024-08-02,176.11233520507812,179.39423710571975,172.24544492652439,173.24686647833687,3179700
2024-08-05,172.25535583496094,173.9607574903748,165.60231954779772,166.50458386642154,2919400
2024-08-06,172.16610717773438,176.2015674383809,169.47910356110194,172.06694994669994,2250700
2024-08-07,167.56549072265625,175.89418361811022,167.18871140510902,174.37717180593302,3204000
2024-08-08,171.26382446289062,172.17601347933086,167.5654897825828,169.39979261593405,2270100
2024-08-09,171.50181579589844,174.1293162982267,171.2935916385106,171.89841450706348,2833900
2024-08-12,170.6094512939453,172.41399499375015,169.02302628221497,170.976305837084,2069700
2024-08-13,173.55422973632812,175.44802102452294,171.80917430505443,172.41399714628474,1803700
2024-08-14,172.73129272460938,175.34888350465644,172.5230685711788,175.0216827659917,1522000
2024-08-15,173.80210876464844,175.43811242516193,171.2440214577918,174.09956535103913,1706400
2024-08-16,176.50894165039062,177.17325276638877,173.61372889872266,173.61372889872266,2000200
2024-08-19,179.90980529785156,179.92963976918858,176.61799413153756,178.10526176717028,2088300
2024-08-20,178.08543395996094,182.408425987808,177.48061116033315,181.0798038146156,1483900
2024-08-21,184.87730407714844,185.53169039236124,180.3857415294856,180.3857415294856,2722200
2024-08-22,184.1634063720703,186.26540653749927,182.3489379705037,184.5600050386258,2212300
2024-08-23,190.16204833984375,190.77679596597127,185.25406777826475,185.96795751041478,3421800
2024-08-26,187.45523071289062,191.9864471964597,187.06854169084207,191.6889906112061,2553700
2024-08-27,185.94813537597656,186.94957207936255,184.57985923962283,185.89857188431154,1458200
2024-08-28,185.97787475585938,187.8716507871406,184.5996588359278,184.95660368750137,1329200
2024-08-29,185.2639923095703,187.48496913589622,183.8758666638467,186.14643723701658,956300
2024-08-30,187.1577606201172,187.6733509887276,183.10248101733902,186.4042171038937,1659600
2024-09-03,182.92401123046875,188.74418045789602,181.02031045448473,187.20733419411556,1923100
2024-09-04,182.62655639648438,182.7852019116293,180.08828867124174,181.75402119245632,1544400
2024-09-05,182.16055297851562,183.97502142659798,180.99056116242508,182.9339309886137,1368200
2024-09-06,184.55999755859375,187.57418663835378,182.81494231549783,182.81494231549783,2657300
2024-09-09,185.9282989501953,188.03029914719124,184.24273189811726,184.91695266724065,1901800
2024-09-10,185.93821716308594,188.0699616019813,184.48069352428521,187.33625251120424,1706200
2024-09-11,183.58834838867188,184.74841550471285,179.73136767440414,183.6775808293048,1905800
2024-09-12,187.2073516845703,187.78243037832567,183.93535952388578,184.37162716254645,1206600
2024-09-13,193.14649963378906,193.3447989658489,189.37875180757507,189.97366493302385,2563300
2024-09-16,192.94821166992188,195.05021194628725,190.36036514150575,194.79242431234795,1923000
2024-09-17,193.69183349609375,194.2867314902836,191.15355061470174,194.05868801564094,1537600
2024-09-18,192.5416717529297,195.87315188308293,191.03456963638519,193.84054974228448,2753900
2024-09-19,195.38731384277344,198.15364025069184,192.39294395593535,196.88450635082725,2203400
2024-09-20,190.26119995117188,192.71023532365928,189.4184088639078,190.83627861447556,5339900
2024-09-23,191.81788635253906,192.97795338456064,189.42833919796138,191.37169392314848,1941800
2024-09-24,190.73712158203125,192.73997966953024,189.2498538706672,192.66065690941184,1542800
2024-09-25,185.58126831054688,189.16062663947187,185.0656779202371,188.6648707220544,2560200
2024-09-26,186.41412353515625,186.88013528015762,185.0755917152905,186.77106837964095,2066200
2024-09-27,188.73428344726562,191.47085065957657,187.42548056576697,188.11953582295416,1550700
2024-09-30,189.1507110595703,189.40849868203827,186.33480603834818,187.64360888149966,1828500
2024-10-01,191.08416748046875,191.60966755760722,188.07988774540522,190.3702777286447,1695800
2024-10-02,188.94248962402344,190.17196972492366,186.93963151539768,188.9524144249364,2002600
2024-10-03,188.59547424316406,189.6167302307294,186.0472815455603,187.89149417801931,1902700
2024-10-04,183.07275390625,189.5076714887229,180.32626174762873,188.6648803344653,2541700
2024-10-07,183.58834838867188,183.89571465925482,180.07838776440025,182.4381909451664,1935700
2024-10-08,183.9055938720703,185.78947526150174,182.68603866426525,183.9849166270297,1174200
2024-10-09,183.68746948242188,184.26254813836815,182.2894493513357,183.6775598110203,1395000
2024-10-10,181.83335876464844,183.64782727761857,180.89142552679493,181.4466697457709,1535900
2024-10-11,181.26820373535156,183.360279215402,181.17895617057852,182.1109797305512,1554800
2024-10-14,185.5217742919922,185.82914053061597,181.2681953087849,181.66479397876344,1751900
2024-10-15,187.79232788085938,190.5586542607046,186.40421741986597,187.3957292146525,2360700
2024-10-16,190.79660034179688,190.91559204066706,188.90282438214297,189.28951336261633,1447100
2024-10-17,189.3291778564453,190.98500077030423,187.65352047011103,190.37026828699373,2094200
2024-10-18,192.90853881835938,193.84056235728215,189.388668803409,190.36036128783945,2234700
2024-10-21,184.68890380859375,191.728628380917,184.37161277640894,191.56007319354475,1853300
2024-10-22,178.8588104248047,181.77385749556885,178.07552277094706,181.2483574594672,3246300
2024-10-23,178.75965881347656,179.78092990381998,177.21290279978314,178.0061152791635,2308200
2024-10-24,181.1492156982422,182.76538488837875,180.55431765355786,180.94100667784735,1627100
2024-10-25,177.7185821533203,181.63505077437443,177.50044834492311,181.50614939779348,1962700
2024-10-28,178.8489227294922,181.1789666347275,177.07410794254366,179.7710215414855,2432500
2024-10-29,165.89976501464844,166.30627336267744,151.6913988159497,151.88969815413185,10496500
2024-10-30,167.85304260253906,170.31200300334262,164.86859723526095,164.88843170942238,4408600
2024-10-31,167.56549072265625,168.96352596266868,165.89975819527308,166.51449065714988,3088600
2024-11-01,166.21702575683594,172.90972993211358,165.20567955637662,169.97484855541006,4348200
2024-11-04,169.29074096679688,174.10948922704827,167.63491797078984,167.8728711352213,3411300
2024-11-05,171.79925537109375,172.00746437858004,166.09806246969325,166.8218618540234,3225300
2024-11-06,165.29495239257812,165.6717166195776,158.4039327139525,162.13202707046793,6636100
2024-11-07,166.6830596923828,167.86296122860816,164.65045734983858,164.83884702426383,2380600
2024-11-08,167.35728454589844,168.01168602154593,165.70146151213882,166.59383128691377,2651900
2024-11-11,166.03857421875,169.05276346171667,165.25527141712294,168.06125165255705,1767300
2024-11-12,160.84056091308594,164.93536606732064,160.72129945515542,164.25953091838684,3036100
2024-11-13,160.14483642578125,164.39866677172793,159.93611371851742,163.60355503597728,2924300
2024-11-14,162.73887634277344,164.67695073866088,159.83673144845832,160.14483363889494,2303400
2024-11-15,160.62188720703125,162.38106934633862,160.0156162531171,160.76103061454464,2507200
2024-11-18,160.46287536621094,162.0232835071347,159.1111899369026,159.14100530063405,1958400
2024-11-19,161.30767822265625,161.45675503556149,157.66011893379303,160.3137923619689,2262700
2024-11-20,162.12265014648438,162.49039821251344,160.6715853415937,161.337487021303,1528100
2024-11-21,160.870361328125,163.32526054570235,160.77096667875574,162.76868690642064,2255000
2024-11-22,162.53016662597656,163.01717619636787,160.51257938013467,161.60585998081072,2667400
2024-11-25,171.88262939453125,174.84440512023372,166.17771888813544,166.17771888813544,4728600
2024-11-26,167.67848205566406,170.35202215157213,166.2572174581054,169.9544738928741,1826400
2024-11-27,168.39407348632812,170.68996255520798,168.0362891366527,169.8054047490229,1865300
2024-11-29,167.74806213378906,170.91856060290976,167.42007796469085,170.10356687990895,1148800
2024-12-02,166.37649536132812,168.25493912566424,164.90554846003997,167.11197639471993,1661600
2024-12-03,165.90936279296875,168.33444676846054,165.07450229286354,167.6188477210861,1888500
2024-12-04,160.36349487304688,163.742700842444,159.83673656309077,163.00721982217738,2267700
2024-12-05,158.7036895751953,161.06914281564133,158.4949820336824,160.92006600027497,2146000
2024-12-06,157.5408477783203,162.1326109263822,156.865012649066,160.94988428469196,2265100
2024-12-09,159.9758758544922,159.99574265267958,156.7556801852432,158.96210802362762,2950600
2024-12-10,156.0400848388672,157.63030833017473,154.68839942090432,155.17540896692236,2689600
2024-12-11,152.74037170410156,156.36806419284343,152.49190023907107,155.7319778489852,3565000
2024-12-12,150.28549194335938,152.06454101179057,149.90781045259388,150.8519990140125,2416500
2024-12-13,148.95367431640625,149.48043262781977,146.87645643437978,147.95978842083431,4895200
2024-12-16,146.70748901367188,151.2197240410645,146.29999218076244,149.58975187492115,4144200
2024-12-17,145.81300354003906,148.45672844440952,145.4154400903441,146.97584819509376,3904500
2024-12-18,140.90321350097656,147.19451330053457,140.76407007644983,146.24037612842562,3926900
2024-12-19,136.40090942382812,139.8695615864276,134.17459949849686,134.57214780118304,5216300
2024-12-20,138.7563934326172,139.9093045694931,136.46051972251527,137.0866574472291,7848000
2024-12-23,139.2334747314453,139.33286938952816,136.97736461482125,138.4085475989435,2410100
2024-12-24,140.18760681152344,140.39631435424835,138.24953237303134,138.43835795176028,1162200
2024-12-26,140.6050262451172,141.47965060771014,139.0346848511407,139.1440128964648,1677400
2024-12-27,139.42230224609375,141.22123316193998,138.83591324936378,139.72047102653931,1624300
2024-12-30,138.7067108154297,139.62108400404375,136.9773590922771,138.766341541677,2290600
2024-12-31,138.9651336669922,140.39631662242672,138.50793948066922,139.70059952627895,1866100
